1604713833304 10.195606104455809 0
1604713833307 10.131522233833795 1
1604713833309 10.068316835934413 2
1604713833311 10.005981496996162 3
1604713833312 9.944505994856593 4
1604713833314 9.883880841305766 5
1604713833316 9.82409762137303 6
1604713833318 9.765147049167089 7
1604713833321 9.706999855716633 8
1604713833323 9.649654799282892 9
1604713833324 9.593122164383587 10
1604713833326 9.537374673177116 11
1604713833328 9.482415419432867 12
1604713833330 9.42823599549901 13
1604713833332 9.37482368770417 14
1604713833334 9.32215980319789 15
1604713833336 9.270255887581321 16
1604713833338 9.219096888975347 17
1604713833340 9.168668494533403 18
1604713833342 9.118947945501644 19
1604713833344 9.070103884089088 20
1604713833346 9.021977461407964 21
1604713833348 8.974263509644729 22
1604713833350 8.927510193059652 23
1604713833352 8.88088479287878 24
1604713833354 8.8352092818943 25
1604713833359 8.789931600899626 26
1604713833361 8.74532464801072 27
1604713833363 8.701634721172598 28
1604713833365 8.658572791729105 29
1604713833367 8.615891486650204 30
1604713833369 8.574077379789411 31
1604713833371 8.53276407577223 32
1604713833373 8.49195220289178 33
1604713833375 8.452066476743786 34
1604713833377 8.412536350596506 35
1604713833379 8.37384376625447 36
1604713833381 8.335411185309697 37
1604713833383 8.29787735060133 38
1604713833385 8.2606810937976 39
1604713833387 8.224363349082001 40
1604713833389 8.188439650095237 41
1604713833391 8.152930686545126 42
1604713833393 8.118246432606966 43
1604713833395 8.083730978152113 44
1604713833397 8.049987390532042 45
1604713833399 8.01658590828659 46
1604713833401 7.983765072116936 47
1604713833403 7.951413424335238 48
1604713833405 7.91944721600357 49
1604713833407 7.88820064688354 50
1604713833409 7.857197893416716 51
1604713833412 7.8268152776684525 52
1604713833413 7.7969085958484685 53
1604713833415 7.7674245325100095 54
1604713833417 7.738337491180285 55
1604713833419 7.709911457762197 56
1604713833422 7.6816730685321595 57
1604713833423 7.654046585150766 58
1604713833425 7.626755546864833 59
1604713833427 7.5992258124141445 60
1604713833429 7.572766335662069 61
1604713833431 7.54600595810491 62
1604713833433 7.520340427256245 63
1604713833435 7.494456822517548 64
1604713833437 7.469688194910397 65
1604713833439 7.443361954835842 66
1604713833441 7.419443607715694 67
1604713833443 7.39392245968811 68
1604713833445 7.368823183513268 69
1604713833447 7.345256479017177 70
1604713833449 7.320931960542272 71
1604713833451 7.2980892004097555 72
1604713833453 7.274518778212935 73
1604713833455 7.251341981997428 74
1604713833457 7.229560024794735 75
1604713833459 7.207099132210833 76
1604713833461 7.185988108941187 77
1604713833463 7.164230139571726 78
1604713833465 7.142641756830519 79
1604713833467 7.122540364050271 80
1604713833469 7.101627414189977 81
1604713833471 7.081375225429617 82
1604713833473 7.062326933640418 83
1604713833475 7.04262052017248 84
1604713833477 7.024071082558894 85
1604713833479 7.004764760725385 86
1604713833481 6.986989401217086 87
1604713833483 6.968289150856249 88
1604713833485 6.950227853357871 89
1604713833487 6.933224651774364 90
1604713833489 6.915778846142891 91
1604713833491 6.899336405864077 92
1604713833493 6.88245761292261 93
1604713833495 6.866552003307283 94
1604713833497 6.849807613830529 95
1604713833499 6.833805457607572 96
1604713833501 6.818677935630411 97
1604713833502 6.802778450462414 98
1604713833504 6.788295191011379 99
1604713833506 6.773023017415876 100
1604713833508 6.758835873109526 101
1604713833510 6.744419024402522 102
1604713833511 6.729956334711005 103
1604713833512 6.715356794852299 104
1604713833514 6.701391068737724 105
1604713833515 6.687148521592862 106
1604713833517 6.673415015218173 107
1604713833518 6.660028367762613 108
1604713833520 6.646426840297314 109
1604713833522 6.633318831220973 110
1604713833523 6.620577848838856 111
1604713833525 6.607588797351903 112
1604713833526 6.595098458174133 113
1604713833528 6.582790679216948 114
1604713833529 6.5703904642060955 115
1604713833531 6.558691989483247 116
1604713833532 6.54671162801242 117
1604713833533 6.535184587816035 118
1604713833535 6.523530713495491 119
1604713833537 6.512673430229091 120
1604713833538 6.5016226872074006 121
1604713833540 6.490470437492633 122
1604713833541 6.479528628638763 123
1604713833543 6.4691985880925 124
1604713833544 6.458844967332588 125
1604713833546 6.4483688210743795 126
1604713833547 6.438456171943519 127
1604713833549 6.428236669621033 128
1604713833550 6.41861738664884 129
1604713833552 6.408972651867613 130
1604713833553 6.3996266444968715 131
1604713833555 6.390744639160328 132
1604713833556 6.381541571906729 133
1604713833558 6.372607689247689 134
1604713833560 6.363572762177962 135
1604713833561 6.3552410019717085 136
1604713833562 6.346008607220682 137
1604713833564 6.337716069009605 138
1604713833565 6.329291570839689 139
1604713833567 6.320945351606103 140
1604713833568 6.31270375812449 141
1604713833570 6.304825894095377 142
1604713833571 6.2968099472039 143
1604713833573 6.288514464439538 144
1604713833575 6.281054467889188 145
1604713833576 6.273627737348021 146
1604713833577 6.266144669051423 147
1604713833579 6.2589094909632985 148
1604713833580 6.251853990378806 149
1604713833582 6.245004560440079 150
1604713833583 6.238063954404974 151
1604713833584 6.231133576811268 152
1604713833586 6.224570570848449 153
1604713833588 6.217624546222659 154
1604713833589 6.2109867185267 155
1604713833591 6.204514771343259 156
1604713833592 6.198094522948075 157
1604713833594 6.191963318595212 158
1604713833595 6.185796968014259 159
1604713833597 6.17887369546695 160
1604713833598 6.172692695559943 161
1604713833600 6.166707808872466 162
1604713833601 6.159496614321803 163
1604713833602 6.151533808697702 164
1604713833604 6.144573421638916 165
1604713833605 6.13687228818942 166
1604713833607 6.1293134905029705 167
1604713833608 6.123984470911023 168
1604713833610 6.116642893265593 169
1604713833611 6.109462281229585 170
1604713833613 6.102390807684632 171
1604713833614 6.097570729501828 172
1604713833616 6.090819276768544 173
1604713833617 6.084780986145696 174
1604713833618 6.078225145095873 175
1604713833620 6.071737088541869 176
1604713833621 6.064767530830593 177
1604713833623 6.057893614290971 178
1604713833625 6.0517766310343015 179
1604713833626 6.0450484996731095 180
1604713833628 6.0390344112816745 181
1604713833629 6.032320111190509 182
1604713833631 6.026359875400453 183
1604713833632 6.020882646732371 184
1604713833633 6.01691501260702 185
1604713833635 6.010660558225087 186
1604713833636 6.0042832146095115 187
1604713833638 5.999145520608115 188
1604713833640 5.992906081041766 189
1604713833641 5.98742417686036 190
1604713833643 5.982410525183716 191
1604713833644 5.976492973562427 192
1604713833646 5.970537699899888 193
1604713833647 5.965212660145736 194
1604713833648 5.959445585144223 195
1604713833650 5.954314935097931 196
1604713833651 5.949925651198758 197
1604713833653 5.944439205569367 198
1604713833654 5.939498496119845 199
1604713833656 5.933783102658572 200
1604713833658 5.929467699759714 201
1604713833659 5.92469269039138 202
1604713833661 5.920009236725289 203
1604713833662 5.914444119627403 204
1604713833664 5.910014190137428 205
1604713833665 5.906899075446435 206
1604713833666 5.902303416048803 207
1604713833668 5.897770841338767 208
1604713833669 5.892509908336543 209
1604713833671 5.886950455719543 210
1604713833673 5.882839824729521 211
1604713833674 5.878281315837185 212
1604713833676 5.875375173820782 213
1604713833677 5.870910827203942 214
1604713833679 5.866106324544917 215
1604713833680 5.862113017852787 216
1604713833681 5.857790269867078 217
1604713833683 5.853229237930895 218
1604713833684 5.849935056080727 219
1604713833686 5.845298922036373 220
1604713833687 5.841199104876495 221
1604713833689 5.83668031857942 222
1604713833691 5.832544685339724 223
1604713833692 5.828683055659329 224
1604713833694 5.825945279761787 225
1604713833695 5.822046388207098 226
1604713833697 5.817795884174621 227
1604713833698 5.814253416664499 228
1604713833699 5.810535765717678 229
1604713833701 5.806407725190754 230
1604713833702 5.802570500485975 231
1604713833704 5.799061646470798 232
1604713833706 5.796204393373417 233
1604713833707 5.792222517990144 234
1604713833709 5.788613811471956 235
1604713833710 5.784994377298524 236
1604713833712 5.781495518721409 237
1604713833713 5.777708641830594 238
1604713833715 5.7739940132753755 239
1604713833716 5.769994380604424 240
1604713833717 5.766325315703893 241
1604713833719 5.762423127794769 242
1604713833720 5.7591304997806265 243
1604713833722 5.755410488343157 244
1604713833724 5.752401692761779 245
1604713833725 5.74906495914737 246
1604713833727 5.745206817799464 247
1604713833728 5.742452018318469 248
1604713833730 5.741016800065235 249
1604713833731 5.737746805533773 250
1604713833733 5.736353283347935 251
1604713833734 5.732601695346204 252
1604713833735 5.729470654580639 253
1604713833737 5.72813147407514 254
1604713833739 5.724485655334475 255
1604713833740 5.721979265279308 256
1604713833742 5.720691206591486 257
1604713833743 5.717676788008267 258
1604713833745 5.716424410035333 259
1604713833746 5.713325221389967 260
1604713833748 5.712107081842535 261
1604713833749 5.70827813501148 262
1604713833751 5.706213053308556 263
1604713833752 5.703355771612254 264
1604713833754 5.700910527838546 265
1604713833755 5.699762367883471 266
1604713833757 5.697203343433147 267
1604713833758 5.696086643792139 268
1604713833760 5.693384878679274 269
1604713833761 5.692298400856866 270
1604713833762 5.689610778488609 271
1604713833764 5.688511167582271 272
1604713833765 5.686499273754458 273
1604713833767 5.6840249055383545 274
1604713833768 5.6830011621456205 275
1604713833770 5.6804695491887385 276
1604713833771 5.6794340668142995 277
1604713833773 5.676850257618018 278
1604713833774 5.674598157738333 279
1604713833775 5.673634964047076 280
1604713833777 5.671006900173522 281
1604713833778 5.668720616371231 282
1604713833780 5.666542346932994 283
1604713833781 5.66565565373695 284
1604713833783 5.663376005562559 285
1604713833784 5.662476160598556 286
1604713833785 5.660324462763447 287
1604713833787 5.658226376277926 288
1604713833788 5.6553440692539025 289
1604713833790 5.653250098774867 290
1604713833791 5.651808263633068 291
1604713833793 5.648996163686504 292
1604713833794 5.6469570448018445 293
1604713833796 5.6455566706755205 294
1604713833797 5.64312848784092 295
1604713833799 5.641760887883231 296
1604713833800 5.639779730929409 297
1604713833801 5.638093249260988 298
1604713833803 5.637260754062938 299
1604713833804 5.635374436195331 300
1604713833806 5.634059384756742 301
1604713833807 5.631433110047602 302
1604713833809 5.628788837330441 303
1604713833810 5.626914328035468 304
1604713833812 5.625641874983927 305
1604713833813 5.623166492954411 306
1604713833814 5.621340099851864 307
1604713833816 5.619765736381824 308
1604713833817 5.61760151689222 309
1604713833819 5.6157016953810475 310
1604713833820 5.61318555811963 311
1604713833822 5.611414175617504 312
1604713833823 5.610281829857251 313
1604713833825 5.607758893285306 314
1604713833826 5.605787129932448 315
1604713833828 5.604684026527049 316
1604713833829 5.6022296790368475 317
1604713833831 5.600500071028355 318
1604713833832 5.599356068142876 319
1604713833833 5.597312316547289 320
1604713833835 5.595842007709615 321
1604713833836 5.593406099491587 322
1604713833838 5.591321602254055 323
1604713833839 5.589931809797446 324
1604713833841 5.588147904770782 325
1604713833842 5.5853015899553675 326
1604713833844 5.58365747212207 327
1604713833845 5.582649388984513 328
1604713833847 5.580289868978746 329
1604713833848 5.578365453143131 330
1604713833850 5.577037695915172 331
1604713833851 5.575650414158359 332
1604713833852 5.573932844804448 333
1604713833854 5.571600508926509 334
1604713833856 5.569580345059436 335
1604713833857 5.568620515800015 336
1604713833858 5.566684605365807 337
1604713833860 5.565349553720957 338
1604713833861 5.563073525592478 339
1604713833863 5.561258685794433 340
1604713833864 5.55988643533617 341
1604713833866 5.557789288553829 342
1604713833867 5.555574778425579 343
1604713833868 5.5537189876689546 344
1604713833870 5.551799792110466 345
1604713833871 5.55022568310212 346
1604713833873 5.548188173530978 347
1604713833874 5.546057878402392 348
1604713833876 5.544281950654557 349
1604713833877 5.542293306049453 350
1604713833879 5.540310949871933 351
1604713833880 5.53836576786357 352
1604713833882 5.535775554345219 353
1604713833883 5.53382133523855 354
1604713833885 5.531791104863351 355
1604713833886 5.528413576541731 356
1604713833888 5.526417705613104 357
1604713833889 5.52303414726113 358
1604713833891 5.520622751049338 359
1604713833892 5.5185825664218315 360
1604713833894 5.516253109869729 361
1604713833895 5.513900716785004 362
1604713833897 5.5125838280774495 363
1604713833898 5.5097440943084495 364
1604713833900 5.506876768527386 365
1604713833901 5.504795449973095 366
1604713833902 5.502938260719684 367
1604713833904 5.501191926005601 368
1604713833906 5.498993100794944 369
1604713833907 5.495728880594407 370
1604713833908 5.492964106098463 371
1604713833910 5.489839491062373 372
1604713833911 5.4888939137424515 373
1604713833913 5.486715506365864 374
1604713833914 5.484792206537409 375
1604713833916 5.483869281447464 376
1604713833917 5.482480457970031 377
1604713833918 5.481576622511764 378
1604713833920 5.480053845426443 379
1604713833922 5.477364637439113 380
1604713833923 5.475517218790441 381
1604713833925 5.474631319728386 382
1604713833926 5.472539343797163 383
1604713833927 5.469655453408955 384
1604713833929 5.468787541520994 385
1604713833930 5.466839098237429 386
1604713833932 5.464236255284947 387
1604713833933 5.46297643495316 388
1604713833935 5.462127478456061 389
1604713833936 5.460607263771496 390
1604713833938 5.457729594681676 391
1604713833939 5.457216312620819 392
1604713833941 5.4540925837646235 393
1604713833942 5.453269848690053 394
1604713833943 5.451981688029422 395
1604713833945 5.449191240428887 396
1604713833946 5.446746777091934 397
1604713833948 5.445943368806454 398
1604713833949 5.443191374259083 399
1604713833951 5.441428182384339 400
1604713833952 5.439598951339314 401
1604713833954 5.43722981067769 402
1604713833955 5.433404926213731 403
1604713833957 5.431791840094885 404
1604713833958 5.428649060912229 405
1604713833960 5.425567056540255 406
1604713833961 5.422572112424817 407
1604713833963 5.419634344828844 408
1604713833964 5.416770618502276 409
1604713833966 5.41394175668546 410
1604713833967 5.411285529611615 411
1604713833968 5.408552181423187 412
1604713833970 5.405980158879834 413
1604713833972 5.403297273123677 414
1604713833973 5.400565319670248 415
1604713833974 5.3980122084450874 416
1604713833976 5.395488355010867 417
1604713833977 5.39298530098846 418
1604713833979 5.390429476181418 419
1604713833980 5.3877392316267745 420
1604713833982 5.386968642712176 421
1604713833983 5.384330926476347 422
1604713833984 5.3835756399361205 423
1604713833986 5.3823906561180745 424
1604713833987 5.379824962077855 425
1604713833989 5.377388156507911 426
1604713833990 5.3749957877179355 427
1604713833992 5.372671532230571 428
1604713833993 5.370868662892091 429
1604713833995 5.368967947495176 430
1604713833996 5.367212465711816 431
1604713833998 5.3653964442322035 432
1604713833999 5.363586199673776 433
1604713834001 5.361930827914501 434
1604713834002 5.3602611035630545 435
1604713834004 5.358508572006705 436
1604713834005 5.356517788810859 437
1604713834009 5.566684605365807 438
