1604713513735 10.206201614809675 0
1604713513738 10.141891674036657 1
1604713513740 10.078462371070193 2
1604713513742 10.014835021622432 3
1604713513744 9.952074944374406 4
1604713513746 9.890175950459952 5
1604713513748 9.829806954322946 6
1604713513750 9.769584629345982 7
1604713513752 9.71086961262157 8
1604713513754 9.652262497467527 9
1604713513756 9.595142285874516 10
1604713513758 9.538138051104864 11
1604713513760 9.482600443235421 12
1604713513762 9.427847220592726 13
1604713513763 9.373179278431776 14
1604713513766 9.319957544512706 15
1604713513768 9.26680904737298 16
1604713513770 9.215087357206736 17
1604713513772 9.16410653651185 18
1604713513774 9.113244150652054 19
1604713513776 9.063710707309879 20
1604713513778 9.014747987776818 21
1604713513780 8.966021878799273 22
1604713513782 8.918595861680943 23
1604713513784 8.871720802684974 24
1604713513786 8.82497563504336 25
1604713513788 8.77947761081517 26
1604713513790 8.733770298552878 27
1604713513792 8.688738816060457 28
1604713513794 8.644742364784328 29
1604713513796 8.601831585891011 30
1604713513799 8.559187088307896 31
1604713513801 8.516518101210746 32
1604713513803 8.474466136506743 33
1604713513805 8.432615104223077 34
1604713513807 8.391800770532857 35
1604713513808 8.351686908834388 36
1604713513810 8.311230369445322 37
1604713513812 8.271874553216076 38
1604713513814 8.232940983949067 39
1604713513817 8.195158984875706 40
1604713513819 8.157855842162268 41
1604713513821 8.120378380665604 42
1604713513823 8.083819277958158 43
1604713513825 8.048259831730249 44
1604713513827 8.013140890963083 45
1604713513829 7.9777772298917435 46
1604713513830 7.943800210381433 47
1604713513833 7.909776139253814 48
1604713513835 7.877189144661026 49
1604713513837 7.843856092636045 50
1604713513839 7.811890740640559 51
1604713513841 7.779554658091989 52
1604713513843 7.747820632631212 53
1604713513845 7.717363560470817 54
1604713513847 7.686487997653409 55
1604713513849 7.657158824953345 56
1604713513851 7.6272168848910455 57
1604713513853 7.598525678127036 58
1604713513855 7.569496699801754 59
1604713513857 7.541831820680632 60
1604713513859 7.513709758255607 61
1604713513861 7.485710996003228 62
1604713513863 7.459378738545556 63
1604713513865 7.432592703269212 64
1604713513868 7.40617845710272 65
1604713513870 7.380923968280646 66
1604713513872 7.355198754366513 67
1604713513874 7.329986256607719 68
1604713513876 7.305211774341472 69
1604713513877 7.2806632965352795 70
1604713513879 7.257434843043889 71
1604713513881 7.233643510640139 72
1604713513884 7.210342978630777 73
1604713513886 7.18730120214436 74
1604713513888 7.1647023777243675 75
1604713513890 7.1430274810466 76
1604713513892 7.121045822032864 77
1604713513894 7.099515576950831 78
1604713513896 7.078243789817386 79
1604713513898 7.058105858526811 80
1604713513900 7.037485533651625 81
1604713513902 7.017304648213652 82
1604713513904 6.997377024693217 83
1604713513906 6.97778868987008 84
1604713513909 6.958476406805737 85
1604713513910 6.93947654215945 86
1604713513913 6.9208435503837995 87
1604713513915 6.9024722878717615 88
1604713513917 6.884151188110161 89
1604713513919 6.866391583736158 90
1604713513921 6.848781749307306 91
1604713513923 6.83190325683379 92
1604713513925 6.814728322985063 93
1604713513927 6.7981436650707305 94
1604713513929 6.781530612421829 95
1604713513931 6.765336527462871 96
1604713513933 6.749586017910479 97
1604713513935 6.733728947583682 98
1604713513936 6.71839808042915 99
1604713513937 6.7029035386665345 100
1604713513939 6.688329718548906 101
1604713513940 6.673876941075706 102
1604713513942 6.659200598466391 103
1604713513943 6.64496203092689 104
1604713513944 6.630654319112697 105
1604713513946 6.616210947587151 106
1604713513947 6.60251322579454 107
1604713513949 6.588445396405198 108
1604713513951 6.57490683197775 109
1604713513952 6.5617004114354165 110
1604713513953 6.548730127152333 111
1604713513955 6.535499618077552 112
1604713513956 6.522963739831131 113
1604713513958 6.510169305713134 114
1604713513959 6.49805557004934 115
1604713513960 6.486569163142971 116
1604713513962 6.474588861360608 117
1604713513963 6.463166201888715 118
1604713513965 6.451927871926346 119
1604713513967 6.440497273960463 120
1604713513968 6.42963671043892 121
1604713513969 6.4183460515114295 122
1604713513971 6.407844108614242 123
1604713513972 6.396628721117958 124
1604713513974 6.386569083437761 125
1604713513975 6.376174823977457 126
1604713513976 6.365457169186042 127
1604713513978 6.356095913272861 128
1604713513979 6.345847636600675 129
1604713513981 6.336593075730824 130
1604713513982 6.326876466323418 131
1604713513984 6.31691089490205 132
1604713513985 6.307282897501553 133
1604713513987 6.298800302092747 134
1604713513988 6.289304927109445 135
1604713513989 6.280225257492274 136
1604713513991 6.2718783383015415 137
1604713513993 6.263136981237863 138
1604713513995 6.255335977878619 139
1604713513996 6.247269917852283 140
1604713513998 6.238936444251379 141
1604713513999 6.230298754510013 142
1604713514001 6.222149312225771 143
1604713514002 6.21380975370856 144
1604713514004 6.206486692020824 145
1604713514005 6.1990533812177535 146
1604713514006 6.192212659387564 147
1604713514008 6.184361646015281 148
1604713514009 6.177298597981228 149
1604713514011 6.17035268426116 150
1604713514012 6.163417966526632 151
1604713514013 6.157141979159956 152
1604713514015 6.150239676583805 153
1604713514016 6.143731523069367 154
1604713514018 6.137244065674325 155
1604713514019 6.131105305668978 156
1604713514021 6.125330337709361 157
1604713514022 6.119240228671188 158
1604713514023 6.11320063249157 159
1604713514025 6.105563721329099 160
1604713514026 6.098069437782886 161
1604713514028 6.091423771255792 162
1604713514029 6.085780865707055 163
1604713514030 6.07911686389399 164
1604713514032 6.07200387988907 165
1604713514033 6.065777490505807 166
1604713514035 6.060407534435349 167
1604713514036 6.054142596745764 168
1604713514038 6.046832619762562 169
1604713514039 6.040680109885767 170
1604713514040 6.033574888957982 171
1604713514042 6.0276153877933405 172
1604713514043 6.022820860629365 173
1604713514045 6.017055573328327 174
1604713514046 6.012419403867875 175
1604713514047 6.00680906495186 176
1604713514049 6.002375460063806 177
1604713514050 5.996353118017993 178
1604713514052 5.991993694084106 179
1604713514053 5.986621775806011 180
1604713514055 5.982405877800021 181
1604713514056 5.977012160216641 182
1604713514057 5.970630507460572 183
1604713514059 5.966600981624164 184
1604713514060 5.961419332451099 185
1604713514062 5.955062838850491 186
1604713514063 5.950039502558648 187
1604713514065 5.946240754523684 188
1604713514066 5.94136362724373 189
1604713514067 5.935456943188076 190
1604713514069 5.9305929838655285 191
1604713514070 5.924582175080347 192
1604713514072 5.9197954885864235 193
1604713514073 5.916304856458865 194
1604713514074 5.911413812793327 195
1604713514076 5.906508203427187 196
1604713514077 5.903168247912667 197
1604713514079 5.898382251619625 198
1604713514080 5.894306916992179 199
1604713514082 5.8897166040750975 200
1604713514083 5.885199096675736 201
1604713514084 5.882054968809054 202
1604713514086 5.877625013172583 203
1604713514087 5.873796817998597 204
1604713514089 5.8695026771849745 205
1604713514090 5.86585605906758 206
1604713514092 5.8623120349041935 207
1604713514093 5.858080412615199 208
1604713514094 5.854547810521404 209
1604713514096 5.85037556883212 210
1604713514097 5.846913486100992 211
1604713514099 5.843542111944657 212
1604713514100 5.838764788303529 213
1604713514101 5.835457756514057 214
1604713514103 5.831930829022619 215
1604713514104 5.828628295660618 216
1604713514106 5.824370090139169 217
1604713514107 5.820967417512647 218
1604713514109 5.816394002127116 219
1604713514110 5.813637762272507 220
1604713514111 5.810096221476788 221
1604713514113 5.807421947393416 222
1604713514114 5.802782266678551 223
1604713514116 5.799657960333455 224
1604713514117 5.797084498219574 225
1604713514119 5.792254462716182 226
1604713514120 5.789224454417096 227
1604713514121 5.7867509789050375 228
1604713514123 5.78346951589228 229
1604713514124 5.7810678153548425 230
1604713514126 5.777307411265862 231
1604713514127 5.77496996814504 232
1604713514128 5.770904737005128 233
1604713514130 5.768193649782165 234
1604713514131 5.765941953562109 235
1604713514133 5.763171308865511 236
1604713514134 5.758254382522965 237
1604713514136 5.756090642469319 238
1604713514137 5.753320785455857 239
1604713514138 5.748540186785239 240
1604713514140 5.74496223230437 241
1604713514141 5.7419552684347295 242
1604713514143 5.739583057904072 243
1604713514144 5.737255375041926 244
1604713514145 5.732371311352125 245
1604713514147 5.7275793177267795 246
1604713514148 5.724705769989571 247
1604713514150 5.720347151400452 248
1604713514151 5.715678892284252 249
1604713514153 5.711439554887009 250
1604713514154 5.707485880494908 251
1604713514156 5.703132410765308 252
1604713514157 5.698885879243713 253
1604713514158 5.6944047429312645 254
1604713514160 5.6922701033980445 255
1604713514161 5.688290735074253 256
1604713514163 5.6837672494601446 257
1604713514164 5.6810164613578324 258
1604713514166 5.67896188621197 259
1604713514167 5.6751026188600004 260
1604713514168 5.6727356501619495 261
1604713514170 5.668953661867993 262
1604713514171 5.666208824478271 263
1604713514173 5.6624781836782025 264
1604713514174 5.65880109409639 265
1604713514175 5.656136666275928 266
1604713514177 5.653985636954543 267
1604713514178 5.649792815181585 268
1604713514180 5.647258164307638 269
1604713514181 5.643693424063684 270
1604713514183 5.640302877378005 271
1604713514184 5.638429443953731 272
1604713514185 5.634942954171571 273
1604713514187 5.63244456520196 274
1604713514188 5.630453898756024 275
1604713514190 5.627075327908533 276
1604713514191 5.623590110298294 277
1604713514192 5.621131805746476 278
1604713514194 5.617548265077612 279
1604713514195 5.6156459153256595 280
1604713514197 5.61163086275726 281
1604713514198 5.609185257199474 282
1604713514200 5.606858350180021 283
1604713514201 5.604509623756436 284
1604713514202 5.601976636693247 285
1604713514204 5.600259301202163 286
1604713514205 5.598422543088114 287
1604713514207 5.596133359278989 288
1604713514208 5.593168406626023 289
1604713514209 5.590855047381521 290
1604713514211 5.589074751592023 291
1604713514212 5.586399818591904 292
1604713514214 5.584224178025984 293
1604713514215 5.580497139809432 294
1604713514217 5.578605348472049 295
1604713514218 5.576608365927985 296
1604713514220 5.574759647872331 297
1604713514221 5.572788036969212 298
1604713514222 5.571089800253504 299
1604713514224 5.569136782055199 300
1604713514225 5.567034744140244 301
1604713514227 5.564635177257296 302
1604713514228 5.562611205960277 303
1604713514229 5.560882700577272 304
1604713514231 5.558900350634865 305
1604713514233 5.557173430947404 306
1604713514234 5.55520445855335 307
1604713514235 5.552904198047567 308
1604713514237 5.55067326942806 309
1604713514238 5.54886278442237 310
1604713514240 5.546602720146028 311
1604713514241 5.5441290967115835 312
1604713514242 5.542049689527005 313
1604713514244 5.539945894089406 314
1604713514245 5.538524625209035 315
1604713514247 5.536863622427043 316
1604713514248 5.53501448748613 317
1604713514250 5.532855142885709 318
1604713514251 5.530717496712643 319
1604713514253 5.52862291114736 320
1604713514254 5.526900648696847 321
1604713514256 5.524400074145798 322
1604713514257 5.521947618123588 323
1604713514259 5.518700306356025 324
1604713514260 5.516750461876564 325
1604713514261 5.514747556681074 326
1604713514263 5.513485805140522 327
1604713514264 5.511456578697114 328
1604713514266 5.509691200483138 329
1604713514267 5.5072607635542035 330
1604713514269 5.504959155344111 331
1604713514270 5.503737576229043 332
1604713514272 5.50210647328526 333
1604713514273 5.500128949173837 334
1604713514274 5.498937311708774 335
1604713514276 5.496863774293962 336
1604713514277 5.493878168331253 337
1604713514279 5.491808767113123 338
1604713514280 5.489152350466721 339
1604713514281 5.4874436588884565 340
1604713514283 5.485138948003689 341
1604713514285 5.48280487511739 342
1604713514286 5.481669600540299 343
1604713514287 5.4785865766659585 344
1604713514289 5.476922694948739 345
1604713514290 5.475689740432675 346
1604713514292 5.473061869380041 347
1604713514293 5.471856397943989 348
1604713514294 5.470182734680402 349
1604713514296 5.4690835218207 350
1604713514297 5.467905135458195 351
1604713514299 5.4658881934315415 352
1604713514300 5.464307934625024 353
1604713514302 5.4632377264522525 354
1604713514303 5.462103050306385 355
1604713514305 5.459322506577852 356
1604713514306 5.456655117983198 357
1604713514307 5.45512614408503 358
1604713514309 5.454221370838985 359
1604713514310 5.452693333657111 360
1604713514312 5.449966649585108 361
1604713514313 5.447260893165072 362
1604713514315 5.445308562784356 363
1604713514316 5.442588109685601 364
1604713514318 5.441096188433475 365
1604713514320 5.4391166349232405 366
1604713514321 5.438161667642979 367
1604713514322 5.436220004497155 368
1604713514324 5.435155736992388 369
1604713514328 5.647258164307638 370
