1604713835478 10.253051569786608 0
1604713835480 10.186958233714963 1
1604713835482 10.121858319670428 2
1604713835484 10.057644477624914 3
1604713835486 9.994343917768509 4
1604713835488 9.931755603035956 5
1604713835490 9.870223623245614 6
1604713835492 9.809618550428292 7
1604713835494 9.749810905023882 8
1604713835496 9.690941930570604 9
1604713835498 9.632654968546385 10
1604713835500 9.575318524723343 11
1604713835502 9.518803159249739 12
1604713835504 9.462943710571828 13
1604713835506 9.407930234373266 14
1604713835508 9.35351682727338 15
1604713835510 9.3000340960765 16
1604713835512 9.247284525582849 17
1604713835514 9.195243500700713 18
1604713835516 9.144046417426049 19
1604713835518 9.093412619742121 20
1604713835520 9.043675093654747 21
1604713835522 8.99447603446315 22
1604713835524 8.945859929121642 23
1604713835526 8.898151594313383 24
1604713835528 8.850846703366022 25
1604713835530 8.804642674839563 26
1604713835532 8.758541663338615 27
1604713835534 8.71359548414121 28
1604713835536 8.66882083340617 29
1604713835538 8.625099082758869 30
1604713835540 8.581361137928184 31
1604713835542 8.538709375547914 32
1604713835544 8.496104422510832 33
1604713835546 8.454448712759216 34
1604713835548 8.413216180699413 35
1604713835550 8.37301160556777 36
1604713835552 8.333152401011006 37
1604713835554 8.293944344576822 38
1604713835556 8.255035519086682 39
1604713835558 8.216984549047377 40
1604713835560 8.179259890387662 41
1604713835562 8.14188924504147 42
1604713835564 8.105296736076793 43
1604713835566 8.069465146988437 44
1604713835568 8.033964529435234 45
1604713835569 7.9988192427245925 46
1604713835571 7.964367421181121 47
1604713835574 7.930645060323299 48
1604713835576 7.897069902928309 49
1604713835578 7.864161030535642 50
1604713835580 7.832083447442383 51
1604713835582 7.800022509256286 52
1604713835584 7.768368989926622 53
1604713835586 7.737424384770603 54
1604713835588 7.707184690794264 55
1604713835590 7.677079531741707 56
1604713835592 7.647725827114358 57
1604713835594 7.61850389317846 58
1604713835596 7.589678424134505 59
1604713835598 7.561469308453235 60
1604713835600 7.534002814347599 61
1604713835602 7.50645162675655 62
1604713835603 7.47930966274166 63
1604713835606 7.452727212950443 64
1604713835608 7.426936951459028 65
1604713835610 7.401348472029954 66
1604713835612 7.376253128217521 67
1604713835614 7.3514199518134555 68
1604713835616 7.326812492275011 69
1604713835618 7.302610457861925 70
1604713835620 7.279053594916027 71
1604713835622 7.255746223111957 72
1604713835624 7.232645961260681 73
1604713835626 7.210018165582376 74
1604713835628 7.187472401617435 75
1604713835630 7.165714976208515 76
1604713835632 7.144199655197562 77
1604713835634 7.123250007931203 78
1604713835636 7.102197353201935 79
1604713835637 7.081447935684478 80
1604713835640 7.061334830508941 81
1604713835642 7.04135171810264 82
1604713835644 7.0216021778401405 83
1604713835646 7.0024568966433725 84
1604713835648 6.983358557074157 85
1604713835650 6.964639696353841 86
1604713835652 6.946150911047469 87
1604713835654 6.928281943259397 88
1604713835656 6.910686922241618 89
1604713835658 6.892703554536941 90
1604713835660 6.874725453903283 91
1604713835662 6.857341947480683 92
1604713835664 6.839937616295261 93
1604713835666 6.8225848780101135 94
1604713835667 6.806210531551913 95
1604713835669 6.789112480042564 96
1604713835671 6.773064064140258 97
1604713835674 6.756877410817106 98
1604713835676 6.741678283280617 99
1604713835677 6.725626875906043 100
1604713835679 6.710777744193836 101
1604713835680 6.696380140288216 102
1604713835682 6.6812006189879805 103
1604713835683 6.666332639080562 104
1604713835684 6.651892761326811 105
1604713835686 6.63760373439625 106
1604713835688 6.624431454795614 107
1604713835690 6.611491291716726 108
1604713835691 6.598732190525302 109
1604713835693 6.585698349630252 110
1604713835694 6.5732513910290535 111
1604713835696 6.56116919168605 112
1604713835697 6.548028231691685 113
1604713835699 6.536303307632061 114
1604713835701 6.523581471886666 115
1604713835702 6.511254184573566 116
1604713835704 6.50014061304129 117
1604713835706 6.489287696549483 118
1604713835708 6.47743992954184 119
1604713835709 6.465799457703826 120
1604713835711 6.454509149562401 121
1604713835712 6.444243061745418 122
1604713835714 6.434039457281209 123
1604713835715 6.423696423992281 124
1604713835716 6.4137713488772405 125
1604713835718 6.404045949326591 126
1604713835719 6.393288300436316 127
1604713835721 6.382743335989398 128
1604713835723 6.37372503379343 129
1604713835724 6.363438089376413 130
1604713835726 6.353339173595295 131
1604713835727 6.344430515533036 132
1604713835729 6.335683028111473 133
1604713835730 6.3260416992082895 134
1604713835732 6.3179719063988555 135
1604713835733 6.308618501243341 136
1604713835734 6.3004215573946265 137
1604713835736 6.291368397517424 138
1604713835737 6.283516203141231 139
1604713835739 6.274606083954657 140
1604713835741 6.266184729931243 141
1604713835743 6.2576779685355675 142
1604713835744 6.250313777047925 143
1604713835746 6.241951949559619 144
1604713835747 6.234752543215297 145
1604713835749 6.22664929297669 146
1604713835750 6.218721065251124 147
1604713835751 6.2110170371981965 148
1604713835753 6.203314395830396 149
1604713835754 6.196212400116556 150
1604713835756 6.1886997682636915 151
1604713835758 6.181365574776384 152
1604713835759 6.174313106595369 153
1604713835761 6.167392337517081 154
1604713835762 6.160330779149276 155
1604713835764 6.153544351832934 156
1604713835765 6.14657809041147 157
1604713835766 6.14007995279539 158
1604713835768 6.133372421905526 159
1604713835769 6.126516302685516 160
1604713835771 6.120172709910313 161
1604713835773 6.113606189988483 162
1604713835774 6.107082956778096 163
1604713835776 6.100682547164148 164
1604713835777 6.0945300215245295 165
1604713835779 6.088802800059934 166
1604713835780 6.083234661040006 167
1604713835781 6.077242486035524 168
1604713835783 6.071456284813754 169
1604713835784 6.065521211395352 170
1604713835786 6.06022523042193 171
1604713835787 6.054489834857136 172
1604713835789 6.049204066482235 173
1604713835790 6.043648601375946 174
1604713835792 6.038885128455417 175
1604713835793 6.033487460946261 176
1604713835795 6.028914581084885 177
1604713835796 6.024428784150046 178
1604713835798 6.019259913011249 179
1604713835799 6.014917179287097 180
1604713835800 6.009736976107177 181
1604713835802 6.004773172202378 182
1604713835803 6.0005832423086884 183
1604713835805 5.99586995312265 184
1604713835806 5.9898086916548925 185
1604713835808 5.983861966422984 186
1604713835809 5.977962496794328 187
1604713835811 5.972231957900356 188
1604713835812 5.966653385577414 189
1604713835814 5.96227194403697 190
1604713835815 5.956763128213779 191
1604713835816 5.9513742865112835 192
1604713835818 5.947165235445438 193
1604713835819 5.941793365142809 194
1604713835821 5.9366018632454605 195
1604713835822 5.931018603723315 196
1604713835824 5.926970575404114 197
1604713835825 5.921864662994631 198
1604713835827 5.916951447675746 199
1604713835828 5.911658543559479 200
1604713835830 5.90718997217599 201
1604713835831 5.903413401202778 202
1604713835833 5.898301202934944 203
1604713835834 5.8937340249738535 204
1604713835835 5.889034645324171 205
1604713835837 5.884150356076093 206
1604713835838 5.880547692394556 207
1604713835840 5.8761726900426625 208
1604713835841 5.872708523893631 209
1604713835843 5.868030116124036 210
1604713835844 5.86360773654075 211
1604713835846 5.859456317235273 212
1604713835847 5.855843679151047 213
1604713835849 5.851358427658219 214
1604713835850 5.8469061039068 215
1604713835851 5.842998527180873 216
1604713835853 5.839053414271505 217
1604713835854 5.8349987847973495 218
1604713835856 5.830905465041705 219
1604713835857 5.826836013467568 220
1604713835859 5.822710743545115 221
1604713835860 5.818502415219924 222
1604713835862 5.814873399190135 223
1604713835863 5.810771819426724 224
1604713835865 5.806396989993611 225
1604713835866 5.802465585492151 226
1604713835868 5.799289964360174 227
1604713835869 5.79557487958339 228
1604713835871 5.791847391589611 229
1604713835872 5.7881818365910735 230
1604713835874 5.784574877460502 231
1604713835875 5.781512397771469 232
1604713835877 5.778054561439306 233
1604713835878 5.773957356358523 234
1604713835880 5.770998989165136 235
1604713835881 5.766964128899313 236
1604713835882 5.763558808623871 237
1604713835884 5.760525605828221 238
1604713835885 5.7571880187723 239
1604713835887 5.753861507038076 240
1604713835888 5.750382348734308 241
1604713835890 5.747074399316791 242
1604713835891 5.743790263225493 243
1604713835893 5.740864071058786 244
1604713835894 5.737660039825848 245
1604713835896 5.734672617466457 246
1604713835897 5.731440206750181 247
1604713835898 5.728317675431501 248
1604713835900 5.724976384774219 249
1604713835901 5.722528754616905 250
1604713835903 5.718897899345256 251
1604713835904 5.715933242454081 252
1604713835906 5.713607526246137 253
1604713835907 5.71231077312855 254
1604713835909 5.709330394544971 255
1604713835910 5.706463289657036 256
1604713835912 5.703913353240265 257
1604713835913 5.702677421832035 258
1604713835915 5.699862266049964 259
1604713835916 5.69682028246428 260
1604713835917 5.693719952120601 261
1604713835919 5.690901291340151 262
1604713835920 5.689733634120305 263
1604713835922 5.688589007719061 264
1604713835923 5.685522913393789 265
1604713835925 5.684410877435912 266
1604713835926 5.681666521489188 267
1604713835928 5.679002719700387 268
1604713835929 5.6779324972591825 269
1604713835931 5.6753276572690545 270
1604713835932 5.674332784939006 271
1604713835933 5.671567627407852 272
1604713835935 5.66952070606807 273
1604713835936 5.668563646753016 274
1604713835938 5.665416505185528 275
1604713835939 5.6622332952506 276
1604713835941 5.659727696148264 277
1604713835942 5.658768048796931 278
1604713835944 5.656236276553703 279
1604713835945 5.6529014251174114 280
1604713835947 5.651977620749229 281
1604713835948 5.649509902827946 282
1604713835950 5.64861033866593 283
1604713835951 5.646358042715829 284
1604713835953 5.645525131280174 285
1604713835954 5.643105013714429 286
1604713835955 5.641235411629409 287
1604713835957 5.640387909901932 288
1604713835959 5.637981456864926 289
1604713835960 5.637156267511228 290
1604713835961 5.6336489283632725 291
1604713835963 5.632295681718904 292
1604713835964 5.631545448916571 293
1604713835966 5.629730416507265 294
1604713835967 5.627536542464067 295
1604713835969 5.6245083014424955 296
1604713835970 5.623790486589537 297
1604713835972 5.622507307488681 298
1604713835973 5.621767777200607 299
1604713835975 5.618818828244799 300
1604713835976 5.6175800779717155 301
1604713835977 5.615958645010589 302
1604713835979 5.614074675030593 303
1604713835980 5.613462831519656 304
1604713835982 5.610981847687146 305
1604713835983 5.608141333164276 306
1604713835985 5.605998916300526 307
1604713835986 5.603211659160708 308
1604713835987 5.601118720155404 309
1604713835989 5.598399171826338 310
1604713835990 5.596879824886685 311
1604713835993 5.594212246880383 312
1604713835994 5.593083631080428 313
1604713835996 5.591061442753682 314
1604713835997 5.589078994497359 315
1604713835998 5.586129938334234 316
1604713836000 5.58353941834278 317
1604713836001 5.58116716638309 318
1604713836003 5.579239418120119 319
1604713836004 5.576737123372743 320
1604713836006 5.574332225984273 321
1604713836007 5.5704070724790595 322
1604713836009 5.566551501348947 323
1604713836010 5.563978587829722 324
1604713836011 5.561357855171228 325
1604713836013 5.557737427544864 326
1604713836014 5.555174166623659 327
1604713836016 5.552650606870361 328
1604713836017 5.550142777776043 329
1604713836019 5.546985493955606 330
1604713836020 5.544485974983134 331
1604713836022 5.542036721895971 332
1604713836023 5.539633634893691 333
1604713836025 5.537321611107069 334
1604713836026 5.534574879002305 335
1604713836027 5.53222812834545 336
1604713836029 5.531155811256865 337
1604713836030 5.52900483653883 338
1604713836032 5.527955217613769 339
1604713836033 5.525750293012384 340
1604713836037 5.753861507038076 341
