1604714585619 10.253051569786606 0
1604714585621 10.186958233714963 1
1604714585624 10.121858319670428 2
1604714585626 10.057644477624912 3
1604714585628 9.99434391776851 4
1604714585630 9.931755603035958 5
1604714585632 9.87022362324561 6
1604714585634 9.80961855042829 7
1604714585636 9.749810905023883 8
1604714585638 9.690941930570606 9
1604714585640 9.632654968546385 10
1604714585642 9.575318524723345 11
1604714585644 9.518803159249737 12
1604714585646 9.462943710571828 13
1604714585648 9.407930234373266 14
1604714585650 9.35351682727338 15
1604714585652 9.3000340960765 16
1604714585654 9.247284525582849 17
1604714585657 9.195243500700713 18
1604714585659 9.144046417426049 19
1604714585661 9.09341261974212 20
1604714585663 9.043675093654747 21
1604714585665 8.99447603446315 22
1604714585667 8.945859929121642 23
1604714585669 8.898151594313383 24
1604714585671 8.850846703366022 25
1604714585673 8.804642674839565 26
1604714585675 8.758541663338614 27
1604714585677 8.71359548414121 28
1604714585679 8.66882083340617 29
1604714585681 8.625099082758869 30
1604714585683 8.581361137928184 31
1604714585685 8.538709375547912 32
1604714585687 8.496104422510832 33
1604714585689 8.454448712759218 34
1604714585692 8.413216180699415 35
1604714585693 8.37301160556777 36
1604714585695 8.333152401011004 37
1604714585697 8.293944344576822 38
1604714585699 8.255035519086682 39
1604714585701 8.216984549047377 40
1604714585703 8.179259890387662 41
1604714585706 8.14188924504147 42
1604714585708 8.105296736076793 43
1604714585710 8.069465146988437 44
1604714585712 8.033964529435236 45
1604714585714 7.9988192427245925 46
1604714585716 7.964367421181121 47
1604714585718 7.930645060323299 48
1604714585720 7.897069902928309 49
1604714585722 7.864161030535643 50
1604714585724 7.8320834474423835 51
1604714585726 7.800022509256286 52
1604714585728 7.76836898992662 53
1604714585730 7.737424384770603 54
1604714585732 7.707184690794264 55
1604714585734 7.677079531741706 56
1604714585736 7.647725827114357 57
1604714585738 7.61850389317846 58
1604714585741 7.589678424134505 59
1604714585743 7.561469308453235 60
1604714585745 7.534002814347598 61
1604714585747 7.50645162675655 62
1604714585749 7.47930966274166 63
1604714585751 7.452727212950443 64
1604714585753 7.4269369514590275 65
1604714585755 7.401348472029954 66
1604714585757 7.37625312821752 67
1604714585759 7.3514199518134555 68
1604714585761 7.326812492275011 69
1604714585763 7.302610457861927 70
1604714585765 7.279053594916024 71
1604714585767 7.255746223111957 72
1604714585769 7.232645961260681 73
1604714585771 7.210018165582377 74
1604714585773 7.187472401617435 75
1604714585775 7.165714976208515 76
1604714585777 7.144199655197563 77
1604714585779 7.123250007931204 78
1604714585781 7.1021973532019365 79
1604714585783 7.081447935684478 80
1604714585785 7.061334830508942 81
1604714585787 7.04135171810264 82
1604714585790 7.0216021778401405 83
1604714585792 7.002456896643371 84
1604714585794 6.983358557074157 85
1604714585796 6.9646396963538395 86
1604714585798 6.946150911047469 87
1604714585800 6.928281943259398 88
1604714585802 6.910686922241618 89
1604714585803 6.892703554536942 90
1604714585805 6.874725453903281 91
1604714585807 6.857341947480684 92
1604714585809 6.83993761629526 93
1604714585810 6.8225848780101135 94
1604714585812 6.806210531551913 95
1604714585813 6.789112480042564 96
1604714585815 6.773064064140258 97
1604714585816 6.756877410817106 98
1604714585818 6.741678283280618 99
1604714585819 6.725626875906042 100
1604714585821 6.710777744193836 101
1604714585823 6.696380140288216 102
1604714585825 6.6812006189879805 103
1604714585827 6.6663326390805615 104
1604714585828 6.651892761326811 105
1604714585829 6.63760373439625 106
1604714585831 6.624431454795615 107
1604714585832 6.611491291716726 108
1604714585834 6.598732190525302 109
1604714585835 6.585698349630251 110
1604714585837 6.5732513910290535 111
1604714585839 6.561169191686049 112
1604714585841 6.548028231691685 113
1604714585843 6.536303307632061 114
1604714585844 6.523581471886666 115
1604714585845 6.511254184573566 116
1604714585847 6.50014061304129 117
1604714585849 6.489287696549483 118
1604714585850 6.47743992954184 119
1604714585852 6.4657994577038265 120
1604714585853 6.454509149562401 121
1604714585855 6.444243061745417 122
1604714585857 6.434039457281209 123
1604714585858 6.423696423992281 124
1604714585860 6.413771348877241 125
1604714585861 6.404045949326591 126
1604714585863 6.393288300436316 127
1604714585864 6.382743335989398 128
1604714585866 6.37372503379343 129
1604714585867 6.363438089376413 130
1604714585869 6.353339173595294 131
1604714585870 6.344430515533036 132
1604714585872 6.335683028111472 133
1604714585873 6.3260416992082895 134
1604714585875 6.3179719063988555 135
1604714585876 6.308618501243341 136
1604714585878 6.3004215573946265 137
1604714585879 6.291368397517424 138
1604714585881 6.28351620314123 139
1604714585882 6.274606083954657 140
1604714585884 6.266184729931245 141
1604714585885 6.257677968535568 142
1604714585887 6.250313777047925 143
1604714585888 6.241951949559618 144
1604714585890 6.234752543215297 145
1604714585892 6.22664929297669 146
1604714585893 6.218721065251125 147
1604714585895 6.2110170371981965 148
1604714585896 6.203314395830397 149
1604714585898 6.196212400116556 150
1604714585899 6.188699768263691 151
1604714585901 6.181365574776383 152
1604714585902 6.174313106595369 153
1604714585904 6.167392337517081 154
1604714585905 6.160330779149276 155
1604714585907 6.153544351832934 156
1604714585908 6.146578090411471 157
1604714585910 6.140079952795391 158
1604714585911 6.133372421905526 159
1604714585913 6.126516302685516 160
1604714585914 6.120172709910313 161
1604714585916 6.113606189988483 162
1604714585917 6.107082956778097 163
1604714585919 6.100682547164147 164
1604714585920 6.09453002152453 165
1604714585922 6.088802800059934 166
1604714585923 6.083234661040006 167
1604714585925 6.077242486035524 168
1604714585926 6.071456284813754 169
1604714585928 6.065521211395352 170
1604714585929 6.06022523042193 171
1604714585931 6.054489834857136 172
1604714585932 6.049204066482235 173
1604714585933 6.043648601375946 174
1604714585935 6.038885128455417 175
1604714585936 6.033487460946261 176
1604714585938 6.028914581084885 177
1604714585940 6.024428784150047 178
1604714585941 6.019259913011249 179
1604714585943 6.014917179287097 180
1604714585944 6.009736976107177 181
1604714585946 6.004773172202378 182
1604714585947 6.0005832423086884 183
1604714585948 5.995869953122649 184
1604714585950 5.9898086916548925 185
1604714585951 5.9838619664229835 186
1604714585953 5.977962496794328 187
1604714585954 5.972231957900356 188
1604714585956 5.966653385577414 189
1604714585957 5.96227194403697 190
1604714585959 5.956763128213779 191
1604714585960 5.9513742865112835 192
1604714585962 5.947165235445437 193
1604714585963 5.94179336514281 194
1604714585965 5.936601863245461 195
1604714585966 5.931018603723315 196
1604714585968 5.9269705754041135 197
1604714585969 5.921864662994631 198
1604714585971 5.916951447675747 199
1604714585972 5.911658543559479 200
1604714585974 5.90718997217599 201
1604714585975 5.903413401202778 202
1604714585977 5.898301202934944 203
1604714585978 5.8937340249738535 204
1604714585980 5.889034645324171 205
1604714585981 5.884150356076093 206
1604714585983 5.880547692394556 207
1604714585984 5.8761726900426625 208
1604714585985 5.872708523893632 209
1604714585987 5.868030116124036 210
1604714585989 5.863607736540751 211
1604714585990 5.859456317235273 212
1604714585992 5.855843679151047 213
1604714585993 5.851358427658219 214
1604714585995 5.8469061039068 215
1604714585996 5.842998527180873 216
1604714585997 5.839053414271505 217
1604714585999 5.8349987847973495 218
1604714586000 5.830905465041706 219
1604714586002 5.826836013467568 220
1604714586003 5.822710743545115 221
1604714586005 5.818502415219923 222
1604714586007 5.814873399190136 223
1604714586008 5.810771819426724 224
1604714586009 5.806396989993611 225
1604714586011 5.802465585492151 226
1604714586012 5.799289964360174 227
1604714586014 5.79557487958339 228
1604714586015 5.791847391589611 229
1604714586017 5.788181836591073 230
1604714586018 5.784574877460502 231
1604714586020 5.781512397771469 232
1604714586021 5.778054561439306 233
1604714586023 5.773957356358524 234
1604714586025 5.770998989165136 235
1604714586026 5.766964128899313 236
1604714586027 5.763558808623871 237
1604714586029 5.760525605828221 238
1604714586030 5.7571880187723 239
1604714586032 5.753861507038076 240
1604714586033 5.750382348734308 241
1604714586035 5.747074399316791 242
1604714586036 5.743790263225493 243
1604714586038 5.740864071058786 244
1604714586040 5.737660039825848 245
1604714586041 5.734672617466458 246
1604714586043 5.7314402067501815 247
1604714586044 5.728317675431501 248
1604714586045 5.724976384774219 249
1604714586047 5.722528754616905 250
1604714586048 5.718897899345256 251
1604714586050 5.715933242454081 252
1604714586051 5.713607526246137 253
1604714586053 5.71231077312855 254
1604714586054 5.709330394544971 255
1604714586056 5.706463289657037 256
1604714586057 5.7039133532402655 257
1604714586059 5.702677421832035 258
1604714586060 5.699862266049963 259
1604714586062 5.69682028246428 260
1604714586063 5.693719952120601 261
1604714586065 5.690901291340151 262
1604714586066 5.689733634120306 263
1604714586068 5.688589007719062 264
1604714586069 5.685522913393788 265
1604714586071 5.684410877435911 266
1604714586072 5.681666521489188 267
1604714586075 5.679002719700386 268
1604714586076 5.6779324972591825 269
1604714586078 5.675327657269054 270
1604714586079 5.674332784939006 271
1604714586081 5.6715676274078515 272
1604714586082 5.66952070606807 273
1604714586083 5.668563646753016 274
1604714586085 5.665416505185528 275
1604714586086 5.6622332952506 276
1604714586088 5.659727696148263 277
1604714586090 5.658768048796931 278
1604714586092 5.656236276553703 279
1604714586093 5.6529014251174114 280
1604714586095 5.651977620749229 281
1604714586096 5.649509902827945 282
1604714586098 5.64861033866593 283
1604714586099 5.646358042715829 284
1604714586101 5.645525131280174 285
1604714586102 5.643105013714429 286
1604714586103 5.641235411629409 287
1604714586105 5.640387909901932 288
1604714586107 5.637981456864927 289
1604714586108 5.637156267511228 290
1604714586110 5.633648928363272 291
1604714586111 5.632295681718904 292
1604714586113 5.63154544891657 293
1604714586114 5.629730416507265 294
1604714586116 5.627536542464067 295
1604714586117 5.6245083014424955 296
1604714586118 5.623790486589537 297
1604714586120 5.622507307488681 298
1604714586121 5.621767777200607 299
1604714586123 5.618818828244799 300
1604714586125 5.6175800779717155 301
1604714586126 5.61595864501059 302
1604714586128 5.614074675030593 303
1604714586129 5.613462831519656 304
1604714586131 5.610981847687146 305
1604714586132 5.608141333164276 306
1604714586133 5.605998916300526 307
1604714586135 5.603211659160708 308
1604714586136 5.601118720155403 309
1604714586138 5.598399171826338 310
1604714586140 5.596879824886684 311
1604714586141 5.594212246880384 312
1604714586143 5.593083631080429 313
1604714586144 5.591061442753683 314
1604714586146 5.589078994497359 315
1604714586147 5.586129938334234 316
1604714586149 5.58353941834278 317
1604714586150 5.58116716638309 318
1604714586152 5.57923941812012 319
1604714586153 5.576737123372743 320
1604714586154 5.574332225984272 321
1604714586156 5.5704070724790595 322
1604714586158 5.566551501348946 323
1604714586159 5.563978587829722 324
1604714586161 5.561357855171228 325
1604714586162 5.557737427544864 326
1604714586164 5.55517416662366 327
1604714586165 5.552650606870361 328
1604714586167 5.550142777776044 329
1604714586168 5.546985493955606 330
1604714586169 5.544485974983135 331
1604714586171 5.54203672189597 332
1604714586172 5.539633634893691 333
1604714586174 5.537321611107069 334
1604714586176 5.534574879002306 335
1604714586177 5.532228128345451 336
1604714586179 5.531155811256866 337
1604714586180 5.52900483653883 338
1604714586182 5.527955217613769 339
1604714586183 5.525750293012383 340
1604714586187 5.753861507038076 341
