1604713141744 10.206201614809675 0
1604713141747 10.141891674036657 1
1604713141749 10.078462371070193 2
1604713141751 10.014835021622433 3
1604713141753 9.952074944374404 4
1604713141755 9.890175950459952 5
1604713141757 9.829806954322944 6
1604713141759 9.769584629345982 7
1604713141760 9.710869612621568 8
1604713141762 9.652262497467527 9
1604713141764 9.595142285874516 10
1604713141766 9.538138051104864 11
1604713141768 9.482600443235423 12
1604713141770 9.427847220592724 13
1604713141772 9.373179278431776 14
1604713141774 9.319957544512706 15
1604713141776 9.26680904737298 16
1604713141778 9.215087357206736 17
1604713141780 9.164106536511852 18
1604713141782 9.113244150652056 19
1604713141784 9.06371070730988 20
1604713141786 9.014747987776818 21
1604713141788 8.966021878799271 22
1604713141790 8.918595861680943 23
1604713141792 8.871720802684974 24
1604713141794 8.824975635043362 25
1604713141795 8.77947761081517 26
1604713141797 8.733770298552878 27
1604713141799 8.688738816060457 28
1604713141801 8.644742364784328 29
1604713141803 8.601831585891011 30
1604713141805 8.559187088307896 31
1604713141807 8.516518101210748 32
1604713141809 8.474466136506743 33
1604713141811 8.432615104223077 34
1604713141813 8.391800770532857 35
1604713141815 8.351686908834388 36
1604713141817 8.311230369445322 37
1604713141819 8.271874553216076 38
1604713141821 8.232940983949067 39
1604713141823 8.195158984875706 40
1604713141825 8.157855842162268 41
1604713141827 8.120378380665604 42
1604713141829 8.083819277958158 43
1604713141831 8.048259831730249 44
1604713141833 8.013140890963083 45
1604713141835 7.9777772298917435 46
1604713141837 7.943800210381432 47
1604713141839 7.909776139253815 48
1604713141841 7.877189144661026 49
1604713141843 7.843856092636045 50
1604713141845 7.8118907406405595 51
1604713141847 7.77955465809199 52
1604713141849 7.747820632631212 53
1604713141851 7.717363560470817 54
1604713141853 7.68648799765341 55
1604713141855 7.657158824953345 56
1604713141856 7.6272168848910455 57
1604713141858 7.598525678127036 58
1604713141860 7.569496699801755 59
1604713141862 7.541831820680632 60
1604713141864 7.513709758255607 61
1604713141866 7.485710996003229 62
1604713141868 7.459378738545555 63
1604713141870 7.432592703269212 64
1604713141872 7.40617845710272 65
1604713141874 7.380923968280646 66
1604713141876 7.355198754366513 67
1604713141878 7.329986256607721 68
1604713141880 7.3052117743414735 69
1604713141882 7.28066329653528 70
1604713141884 7.257434843043889 71
1604713141886 7.233643510640139 72
1604713141888 7.210342978630777 73
1604713141891 7.187301202144359 74
1604713141893 7.1647023777243675 75
1604713141895 7.143027481046601 76
1604713141897 7.121045822032864 77
1604713141899 7.0995155769508305 78
1604713141901 7.078243789817386 79
1604713141905 7.058105858526811 80
1604713141906 7.037485533651624 81
1604713141908 7.017304648213652 82
1604713141910 6.997377024693217 83
1604713141912 6.97778868987008 84
1604713141914 6.958476406805738 85
1604713141916 6.939476542159449 86
1604713141918 6.920843550383799 87
1604713141920 6.9024722878717615 88
1604713141922 6.884151188110163 89
1604713141924 6.866391583736159 90
1604713141926 6.848781749307306 91
1604713141928 6.831903256833789 92
1604713141930 6.814728322985063 93
1604713141932 6.798143665070731 94
1604713141934 6.781530612421828 95
1604713141936 6.765336527462871 96
1604713141938 6.749586017910479 97
1604713141940 6.733728947583682 98
1604713141942 6.71839808042915 99
1604713141944 6.702903538666533 100
1604713141946 6.688329718548907 101
1604713141948 6.673876941075705 102
1604713141951 6.6592005984663905 103
1604713141954 6.644962030926889 104
1604713141956 6.630654319112696 105
1604713141959 6.61621094758715 106
1604713141961 6.60251322579454 107
1604713141965 6.5884453964051986 108
1604713141968 6.57490683197775 109
1604713141971 6.5617004114354165 110
1604713141974 6.548730127152332 111
1604713141977 6.535499618077553 112
1604713141980 6.522963739831133 113
1604713141983 6.510169305713134 114
1604713141986 6.49805557004934 115
1604713141988 6.486569163142972 116
1604713141991 6.474588861360609 117
1604713141994 6.463166201888715 118
1604713141996 6.451927871926345 119
1604713141999 6.440497273960464 120
1604713142002 6.429636710438919 121
1604713142004 6.4183460515114295 122
1604713142007 6.40784410861424 123
1604713142009 6.396628721117957 124
1604713142012 6.386569083437761 125
1604713142015 6.376174823977457 126
1604713142018 6.365457169186042 127
1604713142021 6.35609591327286 128
1604713142023 6.345847636600675 129
1604713142026 6.336593075730825 130
1604713142028 6.326876466323418 131
1604713142030 6.316910894902051 132
1604713142032 6.307282897501554 133
1604713142033 6.298800302092747 134
1604713142035 6.289304927109445 135
1604713142036 6.280225257492273 136
1604713142038 6.2718783383015415 137
1604713142039 6.263136981237863 138
1604713142041 6.255335977878618 139
1604713142042 6.247269917852283 140
1604713142044 6.238936444251378 141
1604713142045 6.230298754510014 142
1604713142046 6.222149312225771 143
1604713142048 6.21380975370856 144
1604713142049 6.206486692020824 145
1604713142051 6.1990533812177535 146
1604713142053 6.192212659387565 147
1604713142054 6.184361646015281 148
1604713142056 6.177298597981226 149
1604713142057 6.170352684261161 150
1604713142058 6.163417966526632 151
1604713142060 6.157141979159956 152
1604713142061 6.150239676583805 153
1604713142063 6.143731523069366 154
1604713142064 6.137244065674325 155
1604713142066 6.131105305668978 156
1604713142067 6.125330337709362 157
1604713142069 6.119240228671188 158
1604713142070 6.11320063249157 159
1604713142071 6.105563721329098 160
1604713142073 6.098069437782886 161
1604713142074 6.091423771255792 162
1604713142076 6.085780865707055 163
1604713142077 6.07911686389399 164
1604713142078 6.07200387988907 165
1604713142080 6.065777490505808 166
1604713142081 6.060407534435349 167
1604713142083 6.054142596745764 168
1604713142084 6.046832619762562 169
1604713142085 6.040680109885767 170
1604713142087 6.033574888957982 171
1604713142088 6.0276153877933405 172
1604713142090 6.0228208606293645 173
1604713142091 6.017055573328328 174
1604713142092 6.012419403867875 175
1604713142094 6.006809064951861 176
1604713142095 6.002375460063806 177
1604713142097 5.996353118017993 178
1604713142098 5.991993694084106 179
1604713142099 5.986621775806011 180
1604713142101 5.982405877800021 181
1604713142102 5.977012160216641 182
1604713142104 5.970630507460572 183
1604713142105 5.966600981624164 184
1604713142106 5.961419332451099 185
1604713142108 5.955062838850491 186
1604713142109 5.950039502558648 187
1604713142111 5.946240754523684 188
1604713142112 5.94136362724373 189
1604713142113 5.935456943188076 190
1604713142115 5.930592983865528 191
1604713142116 5.924582175080348 192
1604713142118 5.919795488586423 193
1604713142119 5.916304856458865 194
1604713142121 5.911413812793327 195
1604713142122 5.906508203427187 196
1604713142123 5.903168247912667 197
1604713142125 5.8983822516196245 198
1604713142126 5.894306916992179 199
1604713142128 5.8897166040750975 200
1604713142129 5.885199096675736 201
1604713142130 5.882054968809055 202
1604713142132 5.877625013172581 203
1604713142133 5.873796817998597 204
1604713142135 5.8695026771849745 205
1604713142136 5.86585605906758 206
1604713142138 5.8623120349041935 207
1604713142139 5.8580804126152 208
1604713142141 5.854547810521404 209
1604713142142 5.85037556883212 210
1604713142143 5.846913486100992 211
1604713142145 5.843542111944657 212
1604713142146 5.838764788303529 213
1604713142148 5.8354577565140575 214
1604713142149 5.831930829022619 215
1604713142150 5.828628295660618 216
1604713142152 5.824370090139169 217
1604713142153 5.820967417512647 218
1604713142155 5.816394002127115 219
1604713142156 5.813637762272507 220
1604713142158 5.810096221476789 221
1604713142159 5.807421947393415 222
1604713142161 5.80278226667855 223
1604713142162 5.799657960333455 224
1604713142163 5.797084498219574 225
1604713142165 5.792254462716183 226
1604713142166 5.789224454417096 227
1604713142168 5.7867509789050375 228
1604713142169 5.78346951589228 229
1604713142171 5.7810678153548425 230
1604713142173 5.777307411265863 231
1604713142174 5.774969968145039 232
1604713142176 5.770904737005127 233
1604713142177 5.768193649782165 234
1604713142179 5.765941953562109 235
1604713142181 5.76317130886551 236
1604713142182 5.758254382522966 237
1604713142183 5.756090642469319 238
1604713142185 5.753320785455857 239
1604713142187 5.748540186785239 240
1604713142188 5.74496223230437 241
1604713142189 5.7419552684347295 242
1604713142191 5.739583057904072 243
1604713142192 5.737255375041926 244
1604713142193 5.732371311352124 245
1604713142195 5.727579317726779 246
1604713142196 5.724705769989571 247
1604713142198 5.720347151400451 248
1604713142199 5.715678892284252 249
1604713142200 5.711439554887008 250
1604713142202 5.707485880494909 251
1604713142203 5.703132410765308 252
1604713142205 5.698885879243713 253
1604713142206 5.694404742931265 254
1604713142208 5.6922701033980445 255
1604713142209 5.688290735074253 256
1604713142210 5.6837672494601446 257
1604713142212 5.681016461357833 258
1604713142213 5.67896188621197 259
1604713142215 5.6751026188600004 260
1604713142216 5.67273565016195 261
1604713142217 5.668953661867993 262
1604713142219 5.666208824478271 263
1604713142221 5.6624781836782025 264
1604713142224 5.658801094096389 265
1604713142227 5.656136666275929 266
1604713142230 5.653985636954543 267
1604713142233 5.649792815181585 268
1604713142236 5.647258164307638 269
1604713142239 5.643693424063684 270
1604713142242 5.640302877378005 271
1604713142245 5.63842944395373 272
1604713142248 5.63494295417157 273
1604713142251 5.63244456520196 274
1604713142254 5.630453898756024 275
1604713142257 5.627075327908533 276
1604713142260 5.623590110298294 277
1604713142263 5.621131805746477 278
1604713142266 5.617548265077612 279
1604713142269 5.6156459153256595 280
1604713142271 5.61163086275726 281
1604713142272 5.609185257199474 282
1604713142274 5.606858350180021 283
1604713142275 5.604509623756436 284
1604713142276 5.601976636693247 285
1604713142278 5.600259301202163 286
1604713142279 5.598422543088114 287
1604713142280 5.596133359278989 288
1604713142282 5.593168406626022 289
1604713142283 5.590855047381521 290
1604713142285 5.589074751592023 291
1604713142287 5.586399818591904 292
1604713142288 5.584224178025984 293
1604713142289 5.580497139809432 294
1604713142291 5.578605348472049 295
1604713142292 5.576608365927986 296
1604713142294 5.574759647872332 297
1604713142295 5.572788036969212 298
1604713142296 5.571089800253505 299
1604713142298 5.569136782055199 300
1604713142299 5.567034744140244 301
1604713142301 5.564635177257295 302
1604713142302 5.562611205960277 303
1604713142304 5.560882700577272 304
1604713142305 5.558900350634865 305
1604713142306 5.557173430947405 306
1604713142308 5.55520445855335 307
1604713142309 5.552904198047567 308
1604713142311 5.55067326942806 309
1604713142312 5.5488627844223695 310
1604713142314 5.546602720146028 311
1604713142315 5.5441290967115835 312
1604713142316 5.542049689527005 313
1604713142318 5.539945894089406 314
1604713142319 5.538524625209035 315
1604713142321 5.536863622427043 316
1604713142322 5.53501448748613 317
1604713142324 5.532855142885709 318
1604713142325 5.530717496712643 319
1604713142326 5.528622911147359 320
1604713142328 5.526900648696847 321
1604713142329 5.524400074145798 322
1604713142330 5.521947618123588 323
1604713142332 5.518700306356025 324
1604713142333 5.516750461876564 325
1604713142335 5.514747556681074 326
1604713142336 5.51348580514052 327
1604713142338 5.511456578697114 328
1604713142339 5.509691200483138 329
1604713142340 5.507260763554204 330
1604713142342 5.504959155344111 331
1604713142343 5.503737576229043 332
1604713142345 5.50210647328526 333
1604713142346 5.500128949173837 334
1604713142347 5.498937311708775 335
1604713142349 5.496863774293963 336
1604713142350 5.493878168331254 337
1604713142351 5.491808767113123 338
1604713142353 5.489152350466721 339
1604713142354 5.4874436588884565 340
1604713142356 5.485138948003688 341
1604713142357 5.48280487511739 342
1604713142358 5.4816696005403 343
1604713142360 5.4785865766659585 344
1604713142361 5.476922694948739 345
1604713142363 5.475689740432675 346
1604713142364 5.473061869380042 347
1604713142365 5.471856397943989 348
1604713142367 5.470182734680402 349
1604713142368 5.469083521820701 350
1604713142370 5.467905135458195 351
1604713142371 5.4658881934315415 352
1604713142372 5.464307934625023 353
1604713142374 5.4632377264522525 354
1604713142375 5.462103050306385 355
1604713142377 5.459322506577853 356
1604713142378 5.456655117983197 357
1604713142379 5.45512614408503 358
1604713142381 5.454221370838985 359
1604713142382 5.452693333657111 360
1604713142384 5.449966649585107 361
1604713142385 5.447260893165072 362
1604713142386 5.445308562784356 363
1604713142388 5.442588109685602 364
1604713142389 5.441096188433475 365
1604713142391 5.4391166349232405 366
1604713142392 5.438161667642979 367
1604713142393 5.436220004497156 368
1604713142395 5.435155736992388 369
1604713142399 5.647258164307638 370
1604713144180 10.195606104455809 0
1604713144182 10.131522233833795 1
1604713144184 10.068316835934413 2
1604713144186 10.005981496996162 3
1604713144188 9.944505994856593 4
1604713144190 9.883880841305768 5
1604713144192 9.82409762137303 6
1604713144194 9.765147049167089 7
1604713144196 9.706999855716633 8
1604713144197 9.649654799282892 9
1604713144199 9.593122164383585 10
1604713144201 9.537374673177116 11
1604713144203 9.482415419432865 12
1604713144205 9.42823599549901 13
1604713144207 9.37482368770417 14
1604713144209 9.32215980319789 15
1604713144211 9.27025588758132 16
1604713144213 9.219096888975347 17
1604713144214 9.168668494533403 18
1604713144216 9.118947945501644 19
1604713144218 9.070103884089088 20
1604713144220 9.021977461407966 21
1604713144222 8.974263509644727 22
1604713144224 8.927510193059652 23
1604713144226 8.88088479287878 24
1604713144228 8.8352092818943 25
1604713144230 8.789931600899628 26
1604713144232 8.74532464801072 27
1604713144234 8.701634721172598 28
1604713144236 8.658572791729105 29
1604713144238 8.615891486650204 30
1604713144240 8.574077379789411 31
1604713144241 8.53276407577223 32
1604713144243 8.49195220289178 33
1604713144245 8.452066476743786 34
1604713144247 8.412536350596506 35
1604713144249 8.37384376625447 36
1604713144251 8.335411185309697 37
1604713144253 8.29787735060133 38
1604713144255 8.2606810937976 39
1604713144257 8.224363349082 40
1604713144259 8.188439650095237 41
1604713144261 8.152930686545126 42
1604713144263 8.118246432606966 43
1604713144264 8.083730978152113 44
1604713144266 8.049987390532042 45
1604713144268 8.01658590828659 46
1604713144270 7.9837650721169355 47
1604713144272 7.951413424335239 48
1604713144274 7.91944721600357 49
1604713144276 7.88820064688354 50
1604713144278 7.857197893416716 51
1604713144280 7.826815277668453 52
1604713144281 7.796908595848469 53
1604713144283 7.76742453251001 54
1604713144285 7.738337491180285 55
1604713144287 7.709911457762197 56
1604713144289 7.6816730685321595 57
1604713144291 7.654046585150766 58
1604713144293 7.626755546864832 59
1604713144295 7.599225812414145 60
1604713144297 7.572766335662069 61
1604713144299 7.54600595810491 62
1604713144301 7.520340427256245 63
1604713144302 7.494456822517548 64
1604713144304 7.469688194910397 65
1604713144306 7.443361954835842 66
1604713144308 7.419443607715693 67
1604713144310 7.393922459688109 68
1604713144312 7.368823183513267 69
1604713144314 7.345256479017177 70
1604713144316 7.320931960542273 71
1604713144317 7.2980892004097555 72
1604713144319 7.274518778212934 73
1604713144321 7.251341981997428 74
1604713144323 7.229560024794736 75
1604713144325 7.207099132210834 76
1604713144327 7.185988108941187 77
1604713144329 7.164230139571726 78
1604713144331 7.14264175683052 79
1604713144333 7.122540364050271 80
1604713144335 7.101627414189978 81
1604713144337 7.0813752254296185 82
1604713144338 7.062326933640418 83
1604713144340 7.042620520172482 84
1604713144343 7.024071082558895 85
1604713144345 7.004764760725385 86
1604713144346 6.986989401217087 87
1604713144349 6.968289150856248 88
1604713144351 6.950227853357871 89
1604713144353 6.933224651774364 90
1604713144354 6.915778846142891 91
1604713144356 6.899336405864077 92
1604713144358 6.88245761292261 93
1604713144360 6.866552003307283 94
1604713144362 6.849807613830529 95
1604713144364 6.833805457607572 96
1604713144366 6.81867793563041 97
1604713144368 6.802778450462414 98
1604713144370 6.788295191011379 99
1604713144373 6.773023017415875 100
1604713144375 6.758835873109526 101
1604713144378 6.744419024402523 102
1604713144382 6.729956334711005 103
1604713144385 6.715356794852299 104
1604713144388 6.701391068737724 105
1604713144391 6.687148521592863 106
1604713144394 6.673415015218173 107
1604713144396 6.660028367762613 108
1604713144398 6.6464268402973135 109
1604713144400 6.633318831220973 110
1604713144402 6.620577848838855 111
1604713144404 6.607588797351903 112
1604713144406 6.595098458174133 113
1604713144408 6.582790679216947 114
1604713144410 6.5703904642060955 115
1604713144412 6.558691989483247 116
1604713144414 6.546711628012421 117
1604713144415 6.535184587816036 118
1604713144417 6.52353071349549 119
1604713144418 6.512673430229091 120
1604713144420 6.5016226872074006 121
1604713144421 6.490470437492633 122
1604713144423 6.4795286286387626 123
1604713144425 6.4691985880925 124
1604713144428 6.458844967332588 125
1604713144431 6.4483688210743795 126
1604713144432 6.438456171943519 127
1604713144434 6.428236669621034 128
1604713144435 6.41861738664884 129
1604713144437 6.408972651867614 130
1604713144438 6.3996266444968715 131
1604713144440 6.390744639160329 132
1604713144441 6.381541571906729 133
1604713144442 6.372607689247689 134
1604713144444 6.363572762177962 135
1604713144445 6.3552410019717085 136
1604713144447 6.346008607220681 137
1604713144448 6.337716069009605 138
1604713144449 6.329291570839689 139
1604713144451 6.320945351606103 140
1604713144453 6.31270375812449 141
1604713144454 6.304825894095377 142
1604713144456 6.2968099472039 143
1604713144457 6.288514464439538 144
1604713144458 6.281054467889189 145
1604713144460 6.273627737348022 146
1604713144461 6.266144669051423 147
1604713144462 6.2589094909632985 148
1604713144464 6.251853990378806 149
1604713144465 6.245004560440079 150
1604713144467 6.238063954404973 151
1604713144468 6.231133576811268 152
1604713144469 6.224570570848449 153
1604713144471 6.217624546222658 154
1604713144472 6.2109867185267 155
1604713144473 6.204514771343259 156
1604713144475 6.198094522948075 157
1604713144476 6.191963318595212 158
1604713144477 6.185796968014258 159
1604713144479 6.17887369546695 160
1604713144480 6.172692695559943 161
1604713144482 6.166707808872466 162
1604713144483 6.159496614321803 163
1604713144484 6.151533808697703 164
1604713144486 6.144573421638916 165
1604713144488 6.13687228818942 166
1604713144489 6.1293134905029705 167
1604713144490 6.123984470911023 168
1604713144492 6.116642893265593 169
1604713144493 6.109462281229585 170
1604713144495 6.102390807684631 171
1604713144496 6.097570729501828 172
1604713144497 6.090819276768544 173
1604713144499 6.084780986145695 174
1604713144500 6.078225145095873 175
1604713144501 6.071737088541869 176
1604713144503 6.064767530830592 177
1604713144504 6.057893614290972 178
1604713144506 6.051776631034302 179
1604713144507 6.045048499673109 180
1604713144508 6.0390344112816745 181
1604713144510 6.032320111190509 182
1604713144511 6.026359875400453 183
1604713144513 6.020882646732371 184
1604713144514 6.01691501260702 185
1604713144515 6.010660558225086 186
1604713144517 6.0042832146095115 187
1604713144518 5.999145520608115 188
1604713144519 5.992906081041767 189
1604713144521 5.98742417686036 190
1604713144522 5.982410525183716 191
1604713144524 5.976492973562427 192
1604713144525 5.970537699899887 193
1604713144526 5.965212660145734 194
1604713144528 5.959445585144223 195
1604713144529 5.954314935097931 196
1604713144531 5.949925651198758 197
1604713144532 5.944439205569367 198
1604713144533 5.939498496119844 199
1604713144535 5.933783102658572 200
1604713144536 5.929467699759714 201
1604713144538 5.92469269039138 202
1604713144539 5.9200092367252894 203
1604713144540 5.914444119627403 204
1604713144542 5.910014190137428 205
1604713144543 5.906899075446435 206
1604713144545 5.902303416048803 207
1604713144546 5.897770841338767 208
1604713144547 5.892509908336543 209
1604713144549 5.886950455719542 210
1604713144550 5.882839824729521 211
1604713144551 5.878281315837185 212
1604713144553 5.875375173820782 213
1604713144554 5.870910827203942 214
1604713144556 5.8661063245449165 215
1604713144557 5.862113017852787 216
1604713144558 5.857790269867078 217
1604713144560 5.853229237930895 218
1604713144561 5.849935056080727 219
1604713144562 5.845298922036373 220
1604713144564 5.841199104876495 221
1604713144565 5.83668031857942 222
1604713144567 5.832544685339724 223
1604713144568 5.828683055659329 224
1604713144570 5.825945279761788 225
1604713144571 5.822046388207098 226
1604713144572 5.817795884174621 227
1604713144574 5.8142534166645 228
1604713144575 5.810535765717678 229
1604713144576 5.806407725190754 230
1604713144578 5.802570500485975 231
1604713144579 5.799061646470798 232
1604713144581 5.796204393373417 233
1604713144582 5.792222517990144 234
1604713144583 5.788613811471956 235
1604713144585 5.784994377298524 236
1604713144586 5.781495518721409 237
1604713144587 5.777708641830594 238
1604713144589 5.7739940132753755 239
1604713144590 5.769994380604424 240
1604713144592 5.766325315703893 241
1604713144593 5.762423127794769 242
1604713144594 5.7591304997806265 243
1604713144596 5.755410488343157 244
1604713144597 5.7524016927617785 245
1604713144598 5.74906495914737 246
1604713144600 5.745206817799464 247
1604713144601 5.742452018318468 248
1604713144603 5.741016800065235 249
1604713144604 5.737746805533773 250
1604713144605 5.736353283347935 251
1604713144607 5.732601695346204 252
1604713144608 5.729470654580639 253
1604713144610 5.72813147407514 254
1604713144611 5.724485655334475 255
1604713144612 5.721979265279308 256
1604713144614 5.720691206591486 257
1604713144615 5.717676788008267 258
1604713144617 5.716424410035333 259
1604713144618 5.713325221389966 260
1604713144619 5.712107081842535 261
1604713144621 5.70827813501148 262
1604713144622 5.706213053308557 263
1604713144624 5.703355771612254 264
1604713144625 5.700910527838547 265
1604713144626 5.69976236788347 266
1604713144628 5.697203343433147 267
1604713144629 5.696086643792139 268
1604713144630 5.693384878679274 269
1604713144632 5.692298400856866 270
1604713144633 5.689610778488609 271
1604713144634 5.688511167582271 272
1604713144636 5.686499273754457 273
1604713144637 5.6840249055383545 274
1604713144639 5.683001162145621 275
1604713144640 5.680469549188738 276
1604713144641 5.679434066814299 277
1604713144643 5.676850257618019 278
1604713144644 5.674598157738333 279
1604713144646 5.673634964047076 280
1604713144647 5.671006900173523 281
1604713144648 5.668720616371233 282
1604713144650 5.666542346932994 283
1604713144651 5.66565565373695 284
1604713144652 5.663376005562559 285
1604713144654 5.662476160598556 286
1604713144655 5.660324462763447 287
1604713144657 5.658226376277926 288
1604713144658 5.655344069253903 289
1604713144659 5.653250098774868 290
1604713144661 5.651808263633067 291
1604713144662 5.648996163686504 292
1604713144663 5.6469570448018445 293
1604713144665 5.645556670675521 294
1604713144666 5.64312848784092 295
1604713144668 5.641760887883231 296
1604713144669 5.639779730929409 297
1604713144670 5.638093249260987 298
1604713144672 5.637260754062937 299
1604713144673 5.635374436195331 300
1604713144675 5.634059384756742 301
1604713144676 5.631433110047602 302
1604713144677 5.628788837330441 303
1604713144679 5.626914328035467 304
1604713144680 5.625641874983927 305
1604713144681 5.623166492954411 306
1604713144683 5.621340099851864 307
1604713144684 5.619765736381825 308
1604713144685 5.61760151689222 309
1604713144687 5.615701695381047 310
1604713144688 5.61318555811963 311
1604713144690 5.6114141756175036 312
1604713144691 5.610281829857251 313
1604713144692 5.607758893285307 314
1604713144694 5.605787129932448 315
1604713144695 5.604684026527048 316
1604713144697 5.6022296790368475 317
1604713144698 5.600500071028355 318
1604713144699 5.599356068142876 319
1604713144701 5.597312316547289 320
1604713144702 5.595842007709616 321
1604713144703 5.593406099491587 322
1604713144705 5.591321602254055 323
1604713144706 5.589931809797445 324
1604713144708 5.588147904770782 325
1604713144709 5.585301589955368 326
1604713144710 5.58365747212207 327
1604713144712 5.582649388984513 328
1604713144713 5.580289868978746 329
1604713144714 5.578365453143131 330
1604713144716 5.5770376959151715 331
1604713144717 5.575650414158359 332
1604713144719 5.573932844804447 333
1604713144720 5.571600508926509 334
1604713144722 5.5695803450594354 335
1604713144723 5.568620515800014 336
1604713144724 5.566684605365806 337
1604713144726 5.565349553720957 338
1604713144727 5.563073525592478 339
1604713144729 5.561258685794433 340
1604713144730 5.55988643533617 341
1604713144731 5.5577892885538285 342
1604713144733 5.555574778425579 343
1604713144734 5.5537189876689546 344
1604713144735 5.551799792110466 345
1604713144737 5.55022568310212 346
1604713144738 5.548188173530978 347
1604713144740 5.546057878402392 348
1604713144741 5.544281950654556 349
1604713144742 5.542293306049452 350
1604713144744 5.540310949871933 351
1604713144745 5.53836576786357 352
1604713144747 5.535775554345219 353
1604713144748 5.533821335238551 354
1604713144749 5.531791104863351 355
1604713144751 5.528413576541732 356
1604713144752 5.526417705613105 357
1604713144754 5.52303414726113 358
1604713144755 5.520622751049339 359
1604713144756 5.5185825664218315 360
1604713144758 5.516253109869728 361
1604713144759 5.513900716785004 362
1604713144760 5.512583828077449 363
1604713144762 5.5097440943084495 364
1604713144763 5.506876768527386 365
1604713144765 5.504795449973096 366
1604713144766 5.502938260719684 367
1604713144767 5.501191926005601 368
1604713144769 5.498993100794944 369
1604713144770 5.495728880594408 370
1604713144771 5.492964106098463 371
1604713144773 5.489839491062372 372
1604713144774 5.4888939137424515 373
1604713144776 5.486715506365864 374
1604713144777 5.484792206537409 375
1604713144778 5.483869281447465 376
1604713144780 5.482480457970031 377
1604713144781 5.481576622511764 378
1604713144783 5.480053845426443 379
1604713144784 5.477364637439113 380
1604713144786 5.475517218790441 381
1604713144787 5.474631319728386 382
1604713144789 5.472539343797163 383
1604713144790 5.469655453408954 384
1604713144791 5.468787541520995 385
1604713144793 5.466839098237429 386
1604713144794 5.464236255284946 387
1604713144795 5.462976434953161 388
1604713144797 5.462127478456061 389
1604713144798 5.460607263771496 390
1604713144799 5.457729594681677 391
1604713144801 5.457216312620818 392
1604713144802 5.4540925837646235 393
1604713144804 5.453269848690054 394
1604713144805 5.451981688029421 395
1604713144806 5.4491912404288865 396
1604713144808 5.446746777091934 397
1604713144809 5.445943368806454 398
1604713144811 5.443191374259083 399
1604713144812 5.441428182384339 400
1604713144813 5.439598951339314 401
1604713144815 5.43722981067769 402
1604713144816 5.43340492621373 403
1604713144817 5.431791840094885 404
1604713144819 5.428649060912229 405
1604713144820 5.425567056540255 406
1604713144822 5.422572112424816 407
1604713144823 5.419634344828843 408
1604713144824 5.416770618502277 409
1604713144826 5.41394175668546 410
1604713144827 5.411285529611615 411
1604713144828 5.408552181423187 412
1604713144830 5.405980158879834 413
1604713144831 5.403297273123677 414
1604713144833 5.400565319670248 415
1604713144834 5.3980122084450874 416
1604713144835 5.395488355010867 417
1604713144837 5.39298530098846 418
1604713144838 5.390429476181419 419
1604713144840 5.3877392316267745 420
1604713144841 5.3869686427121755 421
1604713144842 5.384330926476347 422
1604713144844 5.3835756399361205 423
1604713144845 5.382390656118074 424
1604713144846 5.379824962077854 425
1604713144848 5.377388156507911 426
1604713144849 5.3749957877179355 427
1604713144851 5.372671532230571 428
1604713144852 5.370868662892091 429
1604713144853 5.368967947495176 430
1604713144855 5.367212465711816 431
1604713144856 5.3653964442322035 432
1604713144858 5.363586199673775 433
1604713144859 5.3619308279145015 434
1604713144860 5.3602611035630545 435
1604713144862 5.358508572006704 436
1604713144863 5.356517788810859 437
1604713144867 5.566684605365806 438
1604713146050 10.253051569786606 0
1604713146052 10.186958233714963 1
1604713146054 10.121858319670428 2
1604713146056 10.057644477624912 3
1604713146059 9.99434391776851 4
1604713146061 9.931755603035956 5
1604713146063 9.870223623245614 6
1604713146065 9.80961855042829 7
1604713146067 9.749810905023882 8
1604713146069 9.690941930570604 9
1604713146071 9.632654968546385 10
1604713146073 9.575318524723343 11
1604713146075 9.518803159249739 12
1604713146077 9.462943710571828 13
1604713146079 9.407930234373266 14
1604713146081 9.35351682727338 15
1604713146082 9.3000340960765 16
1604713146084 9.247284525582849 17
1604713146086 9.195243500700713 18
1604713146088 9.144046417426047 19
1604713146090 9.093412619742121 20
1604713146092 9.043675093654747 21
1604713146094 8.99447603446315 22
1604713146096 8.945859929121642 23
1604713146098 8.898151594313383 24
1604713146100 8.850846703366022 25
1604713146102 8.804642674839563 26
1604713146104 8.758541663338615 27
1604713146120 8.71359548414121 28
1604713146122 8.668820833406167 29
1604713146124 8.625099082758869 30
1604713146126 8.581361137928184 31
1604713146128 8.538709375547914 32
1604713146130 8.496104422510832 33
1604713146132 8.454448712759216 34
1604713146134 8.413216180699415 35
1604713146136 8.37301160556777 36
1604713146138 8.333152401011004 37
1604713146140 8.293944344576822 38
1604713146141 8.255035519086682 39
1604713146143 8.216984549047377 40
1604713146145 8.179259890387662 41
1604713146147 8.14188924504147 42
1604713146149 8.105296736076793 43
1604713146151 8.069465146988437 44
1604713146153 8.033964529435236 45
1604713146155 7.9988192427245925 46
1604713146156 7.964367421181121 47
1604713146158 7.930645060323299 48
1604713146160 7.89706990292831 49
1604713146162 7.864161030535643 50
1604713146164 7.8320834474423835 51
1604713146166 7.800022509256286 52
1604713146168 7.768368989926621 53
1604713146170 7.737424384770603 54
1604713146172 7.707184690794264 55
1604713146174 7.677079531741705 56
1604713146176 7.647725827114357 57
1604713146178 7.6185038931784606 58
1604713146180 7.5896784241345046 59
1604713146182 7.561469308453235 60
1604713146183 7.534002814347599 61
1604713146185 7.50645162675655 62
1604713146187 7.47930966274166 63
1604713146189 7.452727212950443 64
1604713146191 7.4269369514590275 65
1604713146193 7.401348472029954 66
1604713146195 7.376253128217521 67
1604713146197 7.3514199518134555 68
1604713146198 7.326812492275012 69
1604713146200 7.302610457861926 70
1604713146202 7.279053594916025 71
1604713146204 7.255746223111956 72
1604713146206 7.232645961260681 73
1604713146208 7.210018165582377 74
1604713146210 7.187472401617435 75
1604713146212 7.165714976208515 76
1604713146214 7.144199655197562 77
1604713146216 7.123250007931203 78
1604713146217 7.102197353201935 79
1604713146219 7.081447935684477 80
1604713146221 7.061334830508942 81
1604713146223 7.04135171810264 82
1604713146225 7.02160217784014 83
1604713146227 7.0024568966433725 84
1604713146229 6.983358557074157 85
1604713146231 6.96463969635384 86
1604713146233 6.94615091104747 87
1604713146235 6.928281943259398 88
1604713146237 6.910686922241618 89
1604713146239 6.892703554536941 90
1604713146240 6.874725453903281 91
1604713146242 6.857341947480684 92
1604713146244 6.83993761629526 93
1604713146246 6.822584878010113 94
1604713146248 6.806210531551913 95
1604713146250 6.789112480042564 96
1604713146252 6.773064064140258 97
1604713146254 6.756877410817106 98
1604713146256 6.741678283280618 99
1604713146258 6.725626875906042 100
1604713146261 6.7107777441938365 101
1604713146264 6.696380140288216 102
1604713146267 6.681200618987981 103
1604713146269 6.666332639080562 104
1604713146272 6.651892761326811 105
1604713146275 6.63760373439625 106
1604713146277 6.624431454795613 107
1604713146280 6.611491291716726 108
1604713146283 6.598732190525302 109
1604713146285 6.585698349630252 110
1604713146288 6.5732513910290535 111
1604713146291 6.56116919168605 112
1604713146293 6.548028231691685 113
1604713146296 6.536303307632061 114
1604713146298 6.523581471886665 115
1604713146301 6.511254184573566 116
1604713146303 6.500140613041291 117
1604713146306 6.489287696549483 118
1604713146307 6.4774399295418394 119
1604713146309 6.465799457703827 120
1604713146310 6.454509149562402 121
1604713146311 6.444243061745418 122
1604713146313 6.434039457281209 123
1604713146314 6.423696423992281 124
1604713146315 6.413771348877241 125
1604713146317 6.404045949326591 126
1604713146318 6.393288300436316 127
1604713146319 6.382743335989397 128
1604713146321 6.37372503379343 129
1604713146322 6.363438089376413 130
1604713146324 6.353339173595294 131
1604713146325 6.344430515533037 132
1604713146327 6.335683028111472 133
1604713146328 6.3260416992082895 134
1604713146329 6.317971906398856 135
1604713146331 6.308618501243341 136
1604713146333 6.3004215573946265 137
1604713146334 6.291368397517424 138
1604713146335 6.28351620314123 139
1604713146337 6.274606083954657 140
1604713146338 6.266184729931244 141
1604713146340 6.257677968535568 142
1604713146341 6.250313777047925 143
1604713146342 6.241951949559618 144
1604713146344 6.234752543215297 145
1604713146345 6.22664929297669 146
1604713146346 6.218721065251126 147
1604713146348 6.2110170371981965 148
1604713146349 6.203314395830396 149
1604713146351 6.196212400116556 150
1604713146352 6.188699768263691 151
1604713146353 6.181365574776383 152
1604713146355 6.17431310659537 153
1604713146356 6.167392337517081 154
1604713146358 6.160330779149276 155
1604713146359 6.153544351832934 156
1604713146360 6.14657809041147 157
1604713146362 6.140079952795391 158
1604713146364 6.133372421905526 159
1604713146365 6.126516302685516 160
1604713146367 6.120172709910312 161
1604713146368 6.113606189988483 162
1604713146369 6.107082956778097 163
1604713146371 6.100682547164148 164
1604713146372 6.0945300215245295 165
1604713146374 6.088802800059934 166
1604713146375 6.083234661040006 167
1604713146376 6.077242486035523 168
1604713146378 6.071456284813754 169
1604713146379 6.065521211395352 170
1604713146380 6.06022523042193 171
1604713146382 6.0544898348571365 172
1604713146383 6.049204066482235 173
1604713146384 6.0436486013759465 174
1604713146386 6.038885128455417 175
1604713146387 6.033487460946262 176
1604713146389 6.0289145810848845 177
1604713146390 6.024428784150046 178
1604713146391 6.01925991301125 179
1604713146393 6.014917179287097 180
1604713146394 6.009736976107177 181
1604713146396 6.004773172202377 182
1604713146397 6.0005832423086884 183
1604713146398 5.995869953122649 184
1604713146400 5.9898086916548925 185
1604713146401 5.9838619664229835 186
1604713146402 5.977962496794328 187
1604713146404 5.972231957900356 188
1604713146405 5.966653385577414 189
1604713146407 5.96227194403697 190
1604713146408 5.956763128213779 191
1604713146409 5.9513742865112835 192
1604713146411 5.947165235445437 193
1604713146412 5.941793365142809 194
1604713146413 5.9366018632454605 195
1604713146415 5.931018603723314 196
1604713146416 5.9269705754041135 197
1604713146418 5.92186466299463 198
1604713146419 5.916951447675747 199
1604713146420 5.911658543559479 200
1604713146422 5.90718997217599 201
1604713146423 5.903413401202778 202
1604713146425 5.898301202934944 203
1604713146426 5.893734024973854 204
1604713146427 5.889034645324171 205
1604713146429 5.884150356076093 206
1604713146430 5.880547692394556 207
1604713146431 5.8761726900426625 208
1604713146433 5.872708523893631 209
1604713146434 5.868030116124036 210
1604713146436 5.86360773654075 211
1604713146437 5.8594563172352725 212
1604713146438 5.855843679151047 213
1604713146440 5.851358427658219 214
1604713146441 5.8469061039068 215
1604713146443 5.842998527180873 216
1604713146444 5.839053414271505 217
1604713146445 5.8349987847973495 218
1604713146447 5.830905465041706 219
1604713146448 5.826836013467568 220
1604713146449 5.822710743545115 221
1604713146451 5.818502415219924 222
1604713146452 5.814873399190135 223
1604713146454 5.810771819426724 224
1604713146455 5.80639698999361 225
1604713146456 5.802465585492151 226
1604713146458 5.799289964360174 227
1604713146459 5.79557487958339 228
1604713146461 5.791847391589611 229
1604713146462 5.7881818365910735 230
1604713146463 5.784574877460501 231
1604713146465 5.781512397771469 232
1604713146466 5.778054561439306 233
1604713146468 5.773957356358523 234
1604713146469 5.770998989165136 235
1604713146470 5.766964128899314 236
1604713146472 5.763558808623871 237
1604713146473 5.760525605828221 238
1604713146475 5.757188018772301 239
1604713146476 5.753861507038076 240
1604713146477 5.750382348734307 241
1604713146479 5.747074399316791 242
1604713146480 5.743790263225494 243
1604713146482 5.740864071058786 244
1604713146483 5.737660039825848 245
1604713146484 5.734672617466458 246
1604713146486 5.731440206750181 247
1604713146487 5.728317675431501 248
1604713146489 5.724976384774219 249
1604713146490 5.722528754616905 250
1604713146492 5.718897899345255 251
1604713146493 5.715933242454082 252
1604713146494 5.713607526246137 253
1604713146496 5.71231077312855 254
1604713146497 5.7093303945449705 255
1604713146498 5.706463289657037 256
1604713146500 5.7039133532402655 257
1604713146501 5.702677421832035 258
1604713146503 5.699862266049963 259
1604713146504 5.69682028246428 260
1604713146505 5.693719952120601 261
1604713146507 5.690901291340151 262
1604713146508 5.689733634120306 263
1604713146510 5.688589007719062 264
1604713146511 5.685522913393789 265
1604713146512 5.684410877435911 266
1604713146514 5.681666521489188 267
1604713146515 5.679002719700386 268
1604713146517 5.6779324972591825 269
1604713146518 5.675327657269054 270
1604713146519 5.674332784939006 271
1604713146521 5.671567627407852 272
1604713146522 5.669520706068071 273
1604713146524 5.668563646753016 274
1604713146525 5.665416505185528 275
1604713146527 5.6622332952506 276
1604713146528 5.659727696148263 277
1604713146529 5.658768048796931 278
1604713146531 5.656236276553702 279
1604713146532 5.652901425117411 280
1604713146533 5.651977620749229 281
1604713146535 5.649509902827945 282
1604713146536 5.64861033866593 283
1604713146537 5.646358042715829 284
1604713146539 5.645525131280174 285
1604713146540 5.643105013714429 286
1604713146542 5.641235411629409 287
1604713146543 5.640387909901933 288
1604713146544 5.637981456864927 289
1604713146546 5.637156267511229 290
1604713146547 5.633648928363272 291
1604713146548 5.632295681718904 292
1604713146550 5.631545448916571 293
1604713146551 5.6297304165072655 294
1604713146553 5.627536542464066 295
1604713146554 5.6245083014424955 296
1604713146556 5.623790486589537 297
1604713146557 5.622507307488681 298
1604713146558 5.621767777200607 299
1604713146560 5.618818828244799 300
1604713146561 5.617580077971716 301
1604713146562 5.61595864501059 302
1604713146564 5.614074675030593 303
1604713146565 5.613462831519656 304
1604713146567 5.610981847687146 305
1604713146568 5.6081413331642755 306
1604713146569 5.605998916300526 307
1604713146571 5.603211659160708 308
1604713146572 5.601118720155404 309
1604713146573 5.598399171826338 310
1604713146575 5.596879824886684 311
1604713146576 5.594212246880384 312
1604713146578 5.593083631080428 313
1604713146579 5.591061442753682 314
1604713146580 5.589078994497359 315
1604713146582 5.586129938334234 316
1604713146583 5.583539418342779 317
1604713146584 5.581167166383091 318
1604713146586 5.579239418120119 319
1604713146587 5.576737123372744 320
1604713146589 5.574332225984272 321
1604713146590 5.5704070724790595 322
1604713146591 5.566551501348946 323
1604713146593 5.563978587829722 324
1604713146594 5.561357855171228 325
1604713146595 5.557737427544865 326
1604713146597 5.55517416662366 327
1604713146598 5.552650606870361 328
1604713146600 5.550142777776043 329
1604713146601 5.546985493955606 330
1604713146602 5.544485974983135 331
1604713146604 5.54203672189597 332
1604713146605 5.539633634893692 333
1604713146607 5.537321611107069 334
1604713146608 5.534574879002305 335
1604713146609 5.53222812834545 336
1604713146611 5.531155811256866 337
1604713146612 5.52900483653883 338
1604713146613 5.527955217613769 339
1604713146615 5.525750293012384 340
1604713146619 5.753861507038076 341
1604713148426 10.171155725539384 0
1604713148428 10.106696558050174 1
1604713148430 10.043118055764662 2
1604713148432 9.980410969090345 3
1604713148434 9.918565624829526 4
1604713148436 9.857573661868267 5
1604713148438 9.79742400169363 6
1604713148440 9.738109942809357 7
1604713148442 9.679618568172334 8
1604713148443 9.621945230225128 9
1604713148445 9.56507722624444 10
1604713148447 9.509009808624466 11
1604713148449 9.453730780461395 12
1604713148451 9.399233448935266 13
1604713148453 9.345505194243911 14
1604713148455 9.29254200898466 15
1604713148456 9.240330392934744 16
1604713148458 9.18864049262504 17
1604713148460 9.13769048435263 18
1604713148462 9.087679612170914 19
1604713148464 9.03817593672407 20
1604713148466 8.989591892672866 21
1604713148468 8.941502612921948 22
1604713148469 8.894115418315602 23
1604713148471 8.847606793976995 24
1604713148473 8.80151661762833 25
1604713148475 8.756352862320378 26
1604713148477 8.711594502320994 27
1604713148481 8.6675615920003 28
1604713148483 8.624287146117302 29
1604713148485 8.581538067034257 30
1604713148487 8.539531679667279 31
1604713148489 8.498150452132627 32
1604713148490 8.45669902017618 33
1604713148492 8.415615026758061 34
1604713148494 8.374515801058351 35
1604713148496 8.334033916862337 36
1604713148498 8.294956052563634 37
1604713148500 8.255648290478893 38
1604713148502 8.216757755435525 39
1604713148503 8.178963356048586 40
1604713148505 8.141663375329312 41
1604713148507 8.105551680297726 42
1604713148509 8.070390595963001 43
1604713148511 8.034988907343397 44
1604713148513 7.9998146136583 45
1604713148515 7.965748189058934 46
1604713148517 7.93164396208623 47
1604713148520 7.898598619724226 48
1604713148522 7.86574300108001 49
1604713148525 7.834119109715375 50
1604713148527 7.802540300869766 51
1604713148529 7.771205849054742 52
1604713148531 7.740225890910748 53
1604713148532 7.710245981233012 54
1604713148534 7.6799368467431 55
1604713148536 7.650462230127989 56
1604713148538 7.6213798865369835 57
1604713148540 7.5931488959479845 58
1604713148542 7.565427118329684 59
1604713148544 7.537794903547804 60
1604713148546 7.51053161524099 61
1604713148547 7.48325242131095 62
1604713148549 7.457169299882654 63
1604713148551 7.431194674341747 64
1604713148554 7.405926805032127 65
1604713148556 7.380778411326414 66
1604713148558 7.355826648973649 67
1604713148560 7.331971364041733 68
1604713148562 7.307798424176566 69
1604713148564 7.284471102345229 70
1604713148566 7.26079771981368 71
1604713148568 7.237875252274982 72
1604713148569 7.2160051581048625 73
1604713148571 7.193686841123686 74
1604713148573 7.172518044442712 75
1604713148575 7.1509696173291415 76
1604713148577 7.129800307922128 77
1604713148579 7.107946724142309 78
1604713148581 7.0871568363248345 79
1604713148583 7.065956803729919 80
1604713148584 7.044874151067775 81
1604713148586 7.0250394949065145 82
1604713148588 7.006155876480364 83
1604713148590 6.987024740806152 84
1604713148592 6.967777871919664 85
1604713148594 6.948546867933262 86
1604713148596 6.930340860114891 87
1604713148597 6.913210668281637 88
1604713148599 6.894104693352315 89
1604713148601 6.876438258526363 90
1604713148603 6.858952879154582 91
1604713148605 6.842000430359301 92
1604713148607 6.82592825660081 93
1604713148609 6.808855031600693 94
1604713148610 6.79186831431069 95
1604713148612 6.775576870832292 96
1604713148614 6.759265639313486 97
1604713148616 6.743955953657626 98
1604713148618 6.729695376376153 99
1604713148620 6.714154464300525 100
1604713148622 6.698798309074277 101
1604713148624 6.684176527422006 102
1604713148626 6.670341395405235 103
1604713148627 6.656335714173134 104
1604713148629 6.642430678088299 105
1604713148631 6.628567900666367 106
1604713148632 6.614847855661238 107
1604713148634 6.601253587008329 108
1604713148635 6.587814821090137 109
1604713148636 6.574815270886464 110
1604713148638 6.561808142110004 111
1604713148639 6.549215266172868 112
1604713148641 6.536777828188907 113
1604713148642 6.523613065086758 114
1604713148643 6.511884268635486 115
1604713148645 6.499114225775457 116
1604713148646 6.487497650878162 117
1604713148647 6.475966942451225 118
1604713148649 6.46383185713675 119
1604713148650 6.453017230930314 120
1604713148651 6.441278546905294 121
1604713148653 6.430555538303612 122
1604713148654 6.419136263385596 123
1604713148655 6.409022706527667 124
1604713148657 6.398770641821382 125
1604713148658 6.388885108245506 126
1604713148660 6.378180430983554 127
1604713148661 6.368695247652385 128
1604713148662 6.3582796554576095 129
1604713148664 6.348832696371319 130
1604713148665 6.339796320040699 131
1604713148666 6.330922317404486 132
1604713148668 6.32161808777548 133
1604713148669 6.31288238721122 134
1604713148671 6.303898295783952 135
1604713148672 6.295331130099771 136
1604713148673 6.286604473957679 137
1604713148675 6.278278762653576 138
1604713148676 6.2698410375864375 139
1604713148678 6.262022817273397 140
1604713148679 6.252993396621894 141
1604713148681 6.245521862394276 142
1604713148682 6.2380228324794444 143
1604713148683 6.229723577136318 144
1604713148685 6.222430838921071 145
1604713148686 6.21507256612735 146
1604713148687 6.207132362081509 147
1604713148689 6.200176746803087 148
1604713148690 6.193155656869945 149
1604713148692 6.185501326656622 150
1604713148693 6.178765077619873 151
1604713148694 6.171359377120006 152
1604713148696 6.164355707821354 153
1604713148697 6.157908776441621 154
1604713148699 6.151598721635193 155
1604713148700 6.144622891975882 156
1604713148701 6.138072965885431 157
1604713148703 6.1322472115781785 158
1604713148704 6.125843789656515 159
1604713148705 6.119197123640185 160
1604713148707 6.112993501881575 161
1604713148708 6.107188780872231 162
1604713148709 6.100824739363746 163
1604713148711 6.095238676031794 164
1604713148712 6.089381677890329 165
1604713148713 6.083196255427512 166
1604713148715 6.077005886446518 167
1604713148716 6.071751272075889 168
1604713148717 6.065902940682025 169
1604713148719 6.060434910466136 170
1604713148720 6.055333794830631 171
1604713148721 6.049608050203846 172
1604713148723 6.043988068878064 173
1604713148724 6.038811890338094 174
1604713148726 6.033995707628758 175
1604713148727 6.028561580587618 176
1604713148728 6.022840701232244 177
1604713148730 6.018294554241142 178
1604713148731 6.013451111818026 179
1604713148733 6.0083264465592245 180
1604713148734 6.003227144459043 181
1604713148735 5.998524567638229 182
1604713148737 5.993309626802928 183
1604713148738 5.988100880538551 184
1604713148739 5.983915777414926 185
1604713148741 5.97893632884775 186
1604713148742 5.974932246739045 187
1604713148743 5.970097609104017 188
1604713148745 5.96582956266989 189
1604713148746 5.96103320342788 190
1604713148748 5.956416899573447 191
1604713148749 5.952632609283504 192
1604713148750 5.948333121675147 193
1604713148752 5.944403663087792 194
1604713148753 5.9405553948568715 195
1604713148754 5.936431037238143 196
1604713148756 5.932513940997007 197
1604713148757 5.929031671538651 198
1604713148758 5.92510724925576 199
1604713148760 5.921193097478966 200
1604713148761 5.9175890189584335 201
1604713148762 5.913775066209584 202
1604713148764 5.910562239410671 203
1604713148765 5.907423113732055 204
1604713148766 5.904023559303504 205
1604713148768 5.900646511285354 206
1604713148769 5.897639703426115 207
1604713148770 5.89437737067597 208
1604713148772 5.891176505510346 209
1604713148773 5.88769908840905 210
1604713148775 5.884077407933197 211
1604713148776 5.880077270350648 212
1604713148778 5.876805530934673 213
1604713148779 5.872261241748808 214
1604713148780 5.867771081201665 215
1604713148782 5.863390138002986 216
1604713148783 5.859061587707688 217
1604713148784 5.854829366510221 218
1604713148786 5.850654337607204 219
1604713148787 5.846569565860969 220
1604713148789 5.84272626460427 221
1604713148790 5.83873974885501 222
1604713148791 5.835010474455774 223
1604713148793 5.831126185204612 224
1604713148794 5.827547258801095 225
1604713148796 5.823876620679338 226
1604713148797 5.820414929141325 227
1604713148798 5.816578540392036 228
1604713148800 5.81320995628968 229
1604713148801 5.809873477570527 230
1604713148802 5.80604796746006 231
1604713148804 5.8027414081385436 232
1604713148805 5.799547116593387 233
1604713148807 5.795936440713162 234
1604713148808 5.792740600704982 235
1604713148809 5.789099698243321 236
1604713148811 5.786038451931504 237
1604713148812 5.782954351281356 238
1604713148813 5.7791873301122365 239
1604713148815 5.776230932685953 240
1604713148816 5.7732491545585525 241
1604713148817 5.7701174795375225 242
1604713148819 5.767341918798999 243
1604713148820 5.763997374488873 244
1604713148822 5.761064878194119 245
1604713148823 5.758390436327235 246
1604713148824 5.754900889606 247
1604713148826 5.752063406736119 248
1604713148827 5.749425675249185 249
1604713148828 5.746175024778832 250
1604713148830 5.743651410748149 251
1604713148831 5.740597390050452 252
1604713148833 5.737349536805456 253
1604713148834 5.734854833991468 254
1604713148835 5.731742904473584 255
1604713148837 5.729357250779215 256
1604713148838 5.726131060417775 257
1604713148839 5.723211400622884 258
1604713148841 5.72089243075833 259
1604713148842 5.718098434157919 260
1604713148844 5.71512506060907 261
1604713148845 5.712220462512393 262
1604713148846 5.709252046478501 263
1604713148848 5.706216670767146 264
1604713148849 5.70377592024644 265
1604713148850 5.700761855413766 266
1604713148852 5.696404326509942 267
1604713148853 5.69404337465124 268
1604713148854 5.691145985508044 269
1604713148856 5.68833527028749 270
1604713148857 5.6857915082977835 271
1604713148859 5.683598287013598 272
1604713148860 5.680885695339755 273
1604713148861 5.676889899250542 274
1604713148863 5.6746187521908675 275
1604713148864 5.6722521843425575 276
1604713148865 5.668176156261849 277
1604713148867 5.665761674597174 278
1604713148868 5.661892437442454 279
1604713148870 5.659745017281383 280
1604713148871 5.655964841026191 281
1604713148872 5.653189831551234 282
1604713148874 5.650659446966081 283
1604713148875 5.6479465995981855 284
1604713148876 5.644081489036574 285
1604713148878 5.6414303313436625 286
1604713148879 5.637610208077183 287
1604713148881 5.635454996564646 288
1604713148883 5.632476716438404 289
1604713148884 5.628594483969442 290
1604713148885 5.626653266182542 291
1604713148887 5.624404363451606 292
1604713148888 5.622146456725486 293
1604713148889 5.619851425732501 294
1604713148891 5.616157030752418 295
1604713148892 5.614007554419066 296
1604713148894 5.610393786019158 297
1604713148895 5.60721192659539 298
1604713148896 5.605435960791144 299
1604713148898 5.60172730626741 300
1604713148899 5.599915086516732 301
1604713148900 5.597708449356972 302
1604713148902 5.594083938176255 303
1604713148903 5.5922662267129555 304
1604713148904 5.589007908320498 305
1604713148906 5.585578676542906 306
1604713148907 5.582651796308474 307
1604713148909 5.580612112372784 308
1604713148910 5.57846478265855 309
1604713148911 5.575285866421342 310
1604713148913 5.572098995235026 311
1604713148914 5.570391542660367 312
1604713148915 5.567474105312362 313
1604713148917 5.564491658755572 314
1604713148918 5.561691326224967 315
1604713148920 5.558488479697521 316
1604713148921 5.555672864841326 317
1604713148922 5.55288073929462 318
1604713148924 5.5506971768271685 319
1604713148925 5.547961095761549 320
1604713148926 5.544947922943781 321
1604713148928 5.542805163726954 322
1604713148929 5.540423929687423 323
1604713148931 5.537500279115587 324
1604713148932 5.534965838226265 325
1604713148933 5.533264490853988 326
1604713148935 5.531283288808317 327
1604713148936 5.52887321322264 328
1604713148937 5.526474137534725 329
1604713148939 5.524115094117158 330
1604713148940 5.5211295052881315 331
1604713148942 5.519022849521734 332
1604713148943 5.5168921328027185 333
1604713148944 5.513759599936119 334
1604713148946 5.512059464897533 335
1604713148947 5.509766534276026 336
1604713148948 5.506193639798683 337
1604713148950 5.503654152066905 338
1604713148951 5.501889455664707 339
1604713148952 5.49950777905647 340
1604713148954 5.4969282228308805 341
1604713148955 5.4950758729517535 342
1604713148957 5.492802348690663 343
1604713148958 5.490850357168556 344
1604713148959 5.488334801089955 345
1604713148961 5.48639869348004 346
1604713148962 5.483674908958138 347
1604713148964 5.481400159289385 348
1604713148965 5.479861929994884 349
1604713148966 5.47740567008023 350
1604713148968 5.474751146826977 351
1604713148969 5.47194898693409 352
1604713148970 5.469512817122352 353
1604713148972 5.467662319254936 354
1604713148973 5.465120717027881 355
1604713148975 5.4624118001215916 356
1604713148979 5.729357250779215 357
