1604714583642 10.195606104455809 0
1604714583644 10.131522233833797 1
1604714583646 10.06831683593441 2
1604714583648 10.005981496996164 3
1604714583650 9.944505994856593 4
1604714583652 9.883880841305768 5
1604714583655 9.824097621373031 6
1604714583657 9.765147049167089 7
1604714583659 9.706999855716635 8
1604714583661 9.649654799282892 9
1604714583663 9.593122164383585 10
1604714583665 9.537374673177114 11
1604714583667 9.482415419432865 12
1604714583669 9.42823599549901 13
1604714583671 9.374823687704172 14
1604714583673 9.32215980319789 15
1604714583675 9.27025588758132 16
1604714583677 9.219096888975349 17
1604714583679 9.168668494533403 18
1604714583681 9.118947945501644 19
1604714583683 9.070103884089088 20
1604714583685 9.021977461407966 21
1604714583687 8.974263509644727 22
1604714583689 8.927510193059652 23
1604714583691 8.88088479287878 24
1604714583693 8.835209281894299 25
1604714583695 8.789931600899626 26
1604714583697 8.745324648010723 27
1604714583699 8.701634721172598 28
1604714583701 8.658572791729105 29
1604714583703 8.615891486650204 30
1604714583705 8.574077379789413 31
1604714583707 8.532764075772228 32
1604714583709 8.49195220289178 33
1604714583711 8.452066476743786 34
1604714583713 8.412536350596506 35
1604714583715 8.37384376625447 36
1604714583717 8.335411185309697 37
1604714583719 8.29787735060133 38
1604714583721 8.2606810937976 39
1604714583724 8.224363349082 40
1604714583726 8.188439650095237 41
1604714583728 8.152930686545126 42
1604714583729 8.118246432606966 43
1604714583731 8.083730978152113 44
1604714583733 8.049987390532042 45
1604714583735 8.016585908286592 46
1604714583738 7.9837650721169355 47
1604714583740 7.951413424335238 48
1604714583742 7.91944721600357 49
1604714583744 7.88820064688354 50
1604714583746 7.857197893416716 51
1604714583748 7.826815277668453 52
1604714583750 7.796908595848469 53
1604714583752 7.76742453251001 54
1604714583754 7.738337491180285 55
1604714583756 7.709911457762197 56
1604714583758 7.6816730685321595 57
1604714583760 7.654046585150765 58
1604714583762 7.626755546864833 59
1604714583764 7.599225812414146 60
1604714583766 7.572766335662069 61
1604714583768 7.546005958104909 62
1604714583770 7.520340427256245 63
1604714583772 7.494456822517548 64
1604714583774 7.469688194910398 65
1604714583776 7.443361954835842 66
1604714583778 7.419443607715693 67
1604714583780 7.393922459688109 68
1604714583782 7.368823183513268 69
1604714583784 7.345256479017177 70
1604714583786 7.320931960542272 71
1604714583788 7.2980892004097555 72
1604714583790 7.274518778212934 73
1604714583792 7.251341981997429 74
1604714583794 7.229560024794737 75
1604714583796 7.207099132210833 76
1604714583798 7.185988108941188 77
1604714583800 7.164230139571726 78
1604714583802 7.14264175683052 79
1604714583804 7.122540364050269 80
1604714583806 7.101627414189977 81
1604714583808 7.081375225429617 82
1604714583810 7.062326933640418 83
1604714583812 7.0426205201724805 84
1604714583814 7.024071082558895 85
1604714583816 7.004764760725384 86
1604714583818 6.986989401217087 87
1604714583820 6.968289150856249 88
1604714583823 6.950227853357871 89
1604714583825 6.933224651774363 90
1604714583826 6.915778846142891 91
1604714583828 6.899336405864077 92
1604714583829 6.882457612922611 93
1604714583831 6.866552003307283 94
1604714583832 6.849807613830529 95
1604714583834 6.833805457607572 96
1604714583835 6.818677935630411 97
1604714583837 6.802778450462414 98
1604714583838 6.788295191011381 99
1604714583840 6.773023017415876 100
1604714583842 6.758835873109526 101
1604714583843 6.744419024402522 102
1604714583844 6.729956334711005 103
1604714583846 6.715356794852299 104
1604714583847 6.701391068737724 105
1604714583849 6.687148521592862 106
1604714583850 6.673415015218173 107
1604714583852 6.660028367762613 108
1604714583853 6.646426840297314 109
1604714583855 6.633318831220974 110
1604714583857 6.620577848838855 111
1604714583859 6.6075887973519025 112
1604714583860 6.595098458174133 113
1604714583861 6.582790679216949 114
1604714583863 6.5703904642060955 115
1604714583864 6.558691989483247 116
1604714583866 6.546711628012421 117
1604714583867 6.535184587816035 118
1604714583869 6.52353071349549 119
1604714583870 6.512673430229091 120
1604714583872 6.5016226872074006 121
1604714583874 6.490470437492633 122
1604714583875 6.4795286286387626 123
1604714583877 6.469198588092499 124
1604714583878 6.458844967332588 125
1604714583880 6.44836882107438 126
1604714583882 6.438456171943519 127
1604714583884 6.428236669621034 128
1604714583885 6.41861738664884 129
1604714583887 6.408972651867614 130
1604714583889 6.399626644496871 131
1604714583890 6.390744639160329 132
1604714583892 6.381541571906729 133
1604714583893 6.372607689247689 134
1604714583894 6.363572762177963 135
1604714583896 6.3552410019717085 136
1604714583897 6.346008607220682 137
1604714583899 6.337716069009606 138
1604714583900 6.329291570839689 139
1604714583902 6.320945351606103 140
1604714583903 6.31270375812449 141
1604714583905 6.304825894095377 142
1604714583906 6.296809947203901 143
1604714583908 6.288514464439538 144
1604714583910 6.281054467889189 145
1604714583911 6.273627737348021 146
1604714583913 6.266144669051423 147
1604714583914 6.2589094909632985 148
1604714583916 6.251853990378806 149
1604714583917 6.245004560440079 150
1604714583919 6.238063954404973 151
1604714583920 6.231133576811268 152
1604714583922 6.224570570848449 153
1604714583923 6.217624546222659 154
1604714583925 6.2109867185267 155
1604714583926 6.20451477134326 156
1604714583928 6.198094522948075 157
1604714583929 6.191963318595212 158
1604714583931 6.185796968014258 159
1604714583932 6.17887369546695 160
1604714583933 6.172692695559943 161
1604714583935 6.166707808872466 162
1604714583936 6.159496614321803 163
1604714583938 6.151533808697702 164
1604714583940 6.144573421638916 165
1604714583941 6.13687228818942 166
1604714583943 6.1293134905029705 167
1604714583945 6.123984470911023 168
1604714583946 6.116642893265594 169
1604714583948 6.109462281229585 170
1604714583949 6.102390807684631 171
1604714583950 6.097570729501828 172
1604714583952 6.090819276768543 173
1604714583953 6.084780986145695 174
1604714583955 6.078225145095874 175
1604714583956 6.071737088541869 176
1604714583958 6.0647675308305935 177
1604714583959 6.057893614290972 178
1604714583961 6.0517766310343015 179
1604714583962 6.045048499673109 180
1604714583964 6.0390344112816745 181
1604714583965 6.032320111190509 182
1604714583967 6.026359875400453 183
1604714583968 6.020882646732371 184
1604714583969 6.01691501260702 185
1604714583971 6.010660558225086 186
1604714583973 6.0042832146095115 187
1604714583974 5.999145520608115 188
1604714583976 5.992906081041767 189
1604714583977 5.98742417686036 190
1604714583979 5.982410525183716 191
1604714583980 5.976492973562427 192
1604714583981 5.970537699899888 193
1604714583983 5.965212660145734 194
1604714583984 5.959445585144223 195
1604714583986 5.954314935097931 196
1604714583987 5.949925651198758 197
1604714583989 5.944439205569367 198
1604714583990 5.939498496119844 199
1604714583992 5.933783102658572 200
1604714583994 5.929467699759714 201
1604714583995 5.92469269039138 202
1604714583997 5.920009236725289 203
1604714583998 5.914444119627403 204
1604714583999 5.910014190137428 205
1604714584001 5.906899075446435 206
1604714584002 5.902303416048803 207
1604714584004 5.897770841338767 208
1604714584006 5.892509908336543 209
1604714584007 5.886950455719543 210
1604714584009 5.882839824729521 211
1604714584010 5.878281315837185 212
1604714584011 5.875375173820782 213
1604714584013 5.870910827203942 214
1604714584014 5.8661063245449165 215
1604714584016 5.862113017852787 216
1604714584017 5.857790269867078 217
1604714584019 5.853229237930894 218
1604714584020 5.849935056080727 219
1604714584022 5.845298922036372 220
1604714584023 5.8411991048764955 221
1604714584025 5.83668031857942 222
1604714584026 5.832544685339724 223
1604714584028 5.8286830556593285 224
1604714584029 5.825945279761788 225
1604714584030 5.822046388207098 226
1604714584032 5.817795884174621 227
1604714584033 5.814253416664499 228
1604714584035 5.810535765717678 229
1604714584036 5.806407725190754 230
1604714584038 5.802570500485975 231
1604714584039 5.799061646470798 232
1604714584041 5.796204393373417 233
1604714584042 5.792222517990144 234
1604714584044 5.788613811471956 235
1604714584045 5.784994377298524 236
1604714584047 5.781495518721409 237
1604714584048 5.777708641830594 238
1604714584050 5.7739940132753755 239
1604714584051 5.769994380604424 240
1604714584053 5.766325315703893 241
1604714584054 5.762423127794768 242
1604714584056 5.7591304997806265 243
1604714584057 5.755410488343157 244
1604714584059 5.752401692761779 245
1604714584060 5.749064959147371 246
1604714584062 5.745206817799464 247
1604714584063 5.742452018318468 248
1604714584065 5.741016800065235 249
1604714584066 5.737746805533773 250
1604714584068 5.736353283347935 251
1604714584069 5.732601695346204 252
1604714584071 5.729470654580639 253
1604714584072 5.72813147407514 254
1604714584074 5.724485655334473 255
1604714584075 5.721979265279308 256
1604714584077 5.720691206591486 257
1604714584078 5.7176767880082675 258
1604714584080 5.716424410035333 259
1604714584081 5.713325221389966 260
1604714584082 5.712107081842535 261
1604714584084 5.70827813501148 262
1604714584085 5.706213053308557 263
1604714584087 5.703355771612254 264
1604714584088 5.700910527838546 265
1604714584090 5.699762367883471 266
1604714584091 5.697203343433147 267
1604714584093 5.696086643792139 268
1604714584095 5.693384878679273 269
1604714584096 5.692298400856866 270
1604714584097 5.689610778488609 271
1604714584099 5.688511167582271 272
1604714584100 5.686499273754458 273
1604714584102 5.6840249055383545 274
1604714584103 5.683001162145621 275
1604714584105 5.680469549188739 276
1604714584106 5.679434066814299 277
1604714584108 5.676850257618019 278
1604714584109 5.674598157738333 279
1604714584111 5.673634964047077 280
1604714584112 5.671006900173522 281
1604714584114 5.668720616371233 282
1604714584115 5.666542346932994 283
1604714584117 5.66565565373695 284
1604714584118 5.663376005562559 285
1604714584120 5.662476160598555 286
1604714584121 5.660324462763447 287
1604714584123 5.658226376277926 288
1604714584124 5.655344069253903 289
1604714584126 5.653250098774867 290
1604714584127 5.651808263633068 291
1604714584129 5.648996163686503 292
1604714584130 5.6469570448018445 293
1604714584132 5.6455566706755205 294
1604714584133 5.64312848784092 295
1604714584135 5.641760887883231 296
1604714584136 5.639779730929409 297
1604714584138 5.638093249260988 298
1604714584139 5.637260754062937 299
1604714584141 5.635374436195331 300
1604714584142 5.634059384756742 301
1604714584144 5.631433110047602 302
1604714584145 5.628788837330441 303
1604714584147 5.626914328035467 304
1604714584148 5.625641874983927 305
1604714584149 5.623166492954411 306
1604714584151 5.621340099851864 307
1604714584152 5.619765736381824 308
1604714584154 5.61760151689222 309
1604714584155 5.615701695381047 310
1604714584157 5.61318555811963 311
1604714584158 5.6114141756175036 312
1604714584160 5.610281829857252 313
1604714584161 5.607758893285307 314
1604714584163 5.605787129932448 315
1604714584164 5.604684026527048 316
1604714584166 5.6022296790368475 317
1604714584167 5.600500071028355 318
1604714584169 5.5993560681428765 319
1604714584170 5.597312316547289 320
1604714584172 5.595842007709615 321
1604714584173 5.593406099491587 322
1604714584175 5.591321602254055 323
1604714584176 5.589931809797446 324
1604714584178 5.588147904770782 325
1604714584179 5.585301589955368 326
1604714584180 5.58365747212207 327
1604714584182 5.582649388984513 328
1604714584183 5.580289868978746 329
1604714584185 5.578365453143131 330
1604714584186 5.5770376959151715 331
1604714584188 5.575650414158359 332
1604714584189 5.573932844804447 333
1604714584191 5.571600508926509 334
1604714584192 5.569580345059436 335
1604714584194 5.568620515800014 336
1604714584195 5.566684605365806 337
1604714584197 5.565349553720957 338
1604714584198 5.563073525592478 339
1604714584200 5.561258685794433 340
1604714584201 5.559886435336171 341
1604714584202 5.5577892885538285 342
1604714584204 5.55557477842558 343
1604714584206 5.5537189876689546 344
1604714584207 5.551799792110466 345
1604714584209 5.55022568310212 346
1604714584210 5.548188173530978 347
1604714584212 5.546057878402391 348
1604714584213 5.544281950654557 349
1604714584214 5.542293306049453 350
1604714584216 5.540310949871934 351
1604714584217 5.53836576786357 352
1604714584219 5.53577555434522 353
1604714584220 5.533821335238552 354
1604714584222 5.531791104863351 355
1604714584223 5.528413576541731 356
1604714584225 5.526417705613105 357
1604714584226 5.52303414726113 358
1604714584228 5.520622751049339 359
1604714584229 5.5185825664218315 360
1604714584231 5.516253109869728 361
1604714584232 5.513900716785004 362
1604714584233 5.5125838280774495 363
1604714584235 5.5097440943084495 364
1604714584236 5.506876768527386 365
1604714584238 5.504795449973096 366
1604714584240 5.502938260719684 367
1604714584241 5.501191926005601 368
1604714584242 5.498993100794944 369
1604714584244 5.495728880594407 370
1604714584245 5.492964106098462 371
1604714584247 5.489839491062373 372
1604714584248 5.4888939137424515 373
1604714584250 5.486715506365864 374
1604714584251 5.484792206537409 375
1604714584253 5.483869281447465 376
1604714584254 5.4824804579700315 377
1604714584256 5.481576622511764 378
1604714584257 5.480053845426443 379
1604714584259 5.477364637439113 380
1604714584260 5.47551721879044 381
1604714584262 5.4746313197283865 382
1604714584263 5.472539343797163 383
1604714584264 5.469655453408955 384
1604714584266 5.468787541520994 385
1604714584267 5.466839098237429 386
1604714584269 5.464236255284947 387
1604714584270 5.46297643495316 388
1604714584272 5.462127478456061 389
1604714584274 5.460607263771496 390
1604714584275 5.457729594681676 391
1604714584276 5.457216312620818 392
1604714584278 5.4540925837646235 393
1604714584279 5.453269848690053 394
1604714584281 5.451981688029421 395
1604714584282 5.449191240428887 396
1604714584284 5.446746777091933 397
1604714584285 5.445943368806454 398
1604714584287 5.443191374259082 399
1604714584288 5.441428182384339 400
1604714584290 5.439598951339314 401
1604714584291 5.43722981067769 402
1604714584293 5.433404926213731 403
1604714584294 5.431791840094886 404
1604714584296 5.428649060912229 405
1604714584297 5.425567056540255 406
1604714584298 5.422572112424817 407
1604714584300 5.419634344828844 408
1604714584301 5.416770618502277 409
1604714584303 5.41394175668546 410
1604714584305 5.411285529611615 411
1604714584306 5.408552181423187 412
1604714584308 5.405980158879835 413
1604714584309 5.403297273123677 414
1604714584310 5.400565319670248 415
1604714584312 5.3980122084450874 416
1604714584313 5.395488355010867 417
1604714584315 5.39298530098846 418
1604714584316 5.390429476181418 419
1604714584318 5.3877392316267745 420
1604714584319 5.3869686427121755 421
1604714584321 5.384330926476347 422
1604714584322 5.3835756399361205 423
1604714584324 5.382390656118074 424
1604714584325 5.379824962077855 425
1604714584326 5.3773881565079105 426
1604714584328 5.374995787717936 427
1604714584329 5.372671532230571 428
1604714584331 5.370868662892091 429
1604714584332 5.368967947495175 430
1604714584334 5.367212465711816 431
1604714584335 5.365396444232203 432
1604714584337 5.363586199673775 433
1604714584338 5.3619308279145015 434
1604714584340 5.3602611035630545 435
1604714584341 5.358508572006704 436
1604714584343 5.356517788810859 437
1604714584347 5.566684605365806 438
