1604713622907 10.19560610445581 0
1604713622910 10.131522233833797 1
1604713622912 10.068316835934413 2
1604713622914 10.005981496996164 3
1604713622916 9.944505994856593 4
1604713622918 9.883880841305768 5
1604713622920 9.82409762137303 6
1604713622922 9.765147049167089 7
1604713622924 9.706999855716633 8
1604713622927 9.649654799282892 9
1604713622929 9.593122164383585 10
1604713622931 9.537374673177114 11
1604713622933 9.482415419432867 12
1604713622935 9.42823599549901 13
1604713622937 9.37482368770417 14
1604713622939 9.32215980319789 15
1604713622941 9.270255887581321 16
1604713622943 9.219096888975347 17
1604713622945 9.168668494533403 18
1604713622947 9.118947945501642 19
1604713622949 9.070103884089088 20
1604713622951 9.021977461407966 21
1604713622954 8.974263509644729 22
1604713622956 8.927510193059652 23
1604713622958 8.88088479287878 24
1604713622960 8.8352092818943 25
1604713622962 8.789931600899626 26
1604713622964 8.74532464801072 27
1604713622966 8.701634721172598 28
1604713622968 8.658572791729105 29
1604713622970 8.615891486650204 30
1604713622972 8.574077379789411 31
1604713622975 8.532764075772228 32
1604713622977 8.49195220289178 33
1604713622979 8.452066476743786 34
1604713622981 8.412536350596506 35
1604713622983 8.37384376625447 36
1604713622985 8.335411185309697 37
1604713622987 8.297877350601333 38
1604713622989 8.2606810937976 39
1604713622991 8.224363349082 40
1604713622994 8.188439650095235 41
1604713622996 8.152930686545126 42
1604713622998 8.118246432606966 43
1604713623000 8.083730978152113 44
1604713623002 8.049987390532042 45
1604713623004 8.01658590828659 46
1604713623006 7.9837650721169355 47
1604713623009 7.951413424335238 48
1604713623011 7.9194472160035705 49
1604713623013 7.88820064688354 50
1604713623015 7.857197893416716 51
1604713623017 7.8268152776684525 52
1604713623019 7.796908595848469 53
1604713623021 7.76742453251001 54
1604713623023 7.738337491180285 55
1604713623025 7.709911457762197 56
1604713623027 7.6816730685321595 57
1604713623029 7.654046585150765 58
1604713623031 7.626755546864833 59
1604713623033 7.5992258124141445 60
1604713623035 7.572766335662069 61
1604713623037 7.546005958104909 62
1604713623039 7.520340427256245 63
1604713623042 7.494456822517548 64
1604713623044 7.469688194910397 65
1604713623046 7.443361954835843 66
1604713623048 7.419443607715694 67
1604713623050 7.39392245968811 68
1604713623052 7.368823183513268 69
1604713623054 7.345256479017176 70
1604713623056 7.320931960542272 71
1604713623058 7.2980892004097555 72
1604713623061 7.274518778212935 73
1604713623063 7.251341981997428 74
1604713623065 7.229560024794736 75
1604713623067 7.207099132210833 76
1604713623069 7.185988108941188 77
1604713623071 7.164230139571726 78
1604713623073 7.14264175683052 79
1604713623075 7.122540364050271 80
1604713623078 7.101627414189978 81
1604713623080 7.081375225429618 82
1604713623082 7.062326933640418 83
1604713623084 7.0426205201724805 84
1604713623086 7.024071082558895 85
1604713623089 7.004764760725385 86
1604713623091 6.986989401217087 87
1604713623094 6.968289150856248 88
1604713623096 6.950227853357871 89
1604713623099 6.933224651774364 90
1604713623101 6.915778846142891 91
1604713623103 6.899336405864077 92
1604713623106 6.882457612922611 93
1604713623107 6.866552003307283 94
1604713623109 6.849807613830529 95
1604713623110 6.833805457607572 96
1604713623112 6.81867793563041 97
1604713623114 6.802778450462414 98
1604713623115 6.78829519101138 99
1604713623117 6.773023017415875 100
1604713623119 6.758835873109526 101
1604713623121 6.744419024402523 102
1604713623123 6.729956334711006 103
1604713623124 6.715356794852299 104
1604713623126 6.701391068737724 105
1604713623127 6.687148521592863 106
1604713623129 6.673415015218173 107
1604713623131 6.660028367762614 108
1604713623132 6.646426840297314 109
1604713623134 6.633318831220973 110
1604713623135 6.620577848838856 111
1604713623137 6.607588797351903 112
1604713623139 6.595098458174133 113
1604713623140 6.582790679216948 114
1604713623142 6.570390464206095 115
1604713623143 6.558691989483247 116
1604713623145 6.546711628012421 117
1604713623147 6.535184587816036 118
1604713623148 6.52353071349549 119
1604713623150 6.51267343022909 120
1604713623151 6.5016226872074006 121
1604713623153 6.4904704374926325 122
1604713623155 6.479528628638763 123
1604713623156 6.4691985880925 124
1604713623158 6.458844967332588 125
1604713623159 6.4483688210743795 126
1604713623161 6.43845617194352 127
1604713623163 6.428236669621034 128
1604713623164 6.41861738664884 129
1604713623166 6.408972651867613 130
1604713623167 6.399626644496871 131
1604713623169 6.390744639160329 132
1604713623171 6.381541571906729 133
1604713623172 6.372607689247688 134
1604713623173 6.363572762177962 135
1604713623175 6.3552410019717085 136
1604713623177 6.346008607220681 137
1604713623178 6.337716069009605 138
1604713623180 6.329291570839689 139
1604713623181 6.320945351606103 140
1604713623182 6.31270375812449 141
1604713623184 6.304825894095377 142
1604713623186 6.296809947203901 143
1604713623188 6.2885144644395385 144
1604713623189 6.281054467889189 145
1604713623190 6.27362773734802 146
1604713623192 6.266144669051423 147
1604713623193 6.2589094909632985 148
1604713623195 6.251853990378806 149
1604713623196 6.245004560440079 150
1604713623198 6.238063954404973 151
1604713623199 6.231133576811268 152
1604713623201 6.224570570848449 153
1604713623202 6.217624546222659 154
1604713623204 6.2109867185267 155
1604713623205 6.204514771343259 156
1604713623207 6.198094522948076 157
1604713623209 6.191963318595212 158
1604713623210 6.185796968014258 159
1604713623212 6.17887369546695 160
1604713623213 6.172692695559944 161
1604713623215 6.1667078088724665 162
1604713623216 6.159496614321804 163
1604713623218 6.151533808697702 164
1604713623219 6.144573421638916 165
1604713623221 6.13687228818942 166
1604713623222 6.1293134905029705 167
1604713623224 6.123984470911023 168
1604713623225 6.116642893265594 169
1604713623227 6.109462281229585 170
1604713623228 6.102390807684631 171
1604713623230 6.097570729501828 172
1604713623231 6.090819276768543 173
1604713623232 6.084780986145696 174
1604713623234 6.078225145095873 175
1604713623236 6.071737088541869 176
1604713623237 6.064767530830593 177
1604713623239 6.057893614290972 178
1604713623240 6.051776631034302 179
1604713623241 6.045048499673109 180
1604713623243 6.0390344112816745 181
1604713623244 6.032320111190509 182
1604713623246 6.026359875400453 183
1604713623247 6.020882646732371 184
1604713623249 6.01691501260702 185
1604713623250 6.010660558225086 186
1604713623252 6.0042832146095115 187
1604713623253 5.999145520608115 188
1604713623255 5.992906081041766 189
1604713623256 5.98742417686036 190
1604713623258 5.982410525183716 191
1604713623259 5.9764929735624275 192
1604713623261 5.9705376998998885 193
1604713623262 5.965212660145736 194
1604713623264 5.959445585144224 195
1604713623265 5.95431493509793 196
1604713623267 5.949925651198758 197
1604713623269 5.944439205569367 198
1604713623271 5.939498496119845 199
1604713623272 5.933783102658572 200
1604713623274 5.929467699759714 201
1604713623275 5.92469269039138 202
1604713623277 5.920009236725289 203
1604713623278 5.914444119627403 204
1604713623280 5.910014190137428 205
1604713623281 5.906899075446435 206
1604713623282 5.902303416048803 207
1604713623284 5.897770841338767 208
1604713623285 5.892509908336543 209
1604713623287 5.886950455719542 210
1604713623288 5.882839824729521 211
1604713623290 5.878281315837185 212
1604713623291 5.875375173820781 213
1604713623293 5.870910827203942 214
1604713623294 5.8661063245449165 215
1604713623296 5.862113017852787 216
1604713623297 5.857790269867078 217
1604713623299 5.853229237930895 218
1604713623300 5.849935056080727 219
1604713623302 5.845298922036373 220
1604713623303 5.8411991048764955 221
1604713623305 5.83668031857942 222
1604713623306 5.832544685339724 223
1604713623308 5.8286830556593285 224
1604713623309 5.825945279761788 225
1604713623311 5.822046388207098 226
1604713623312 5.817795884174621 227
1604713623314 5.814253416664499 228
1604713623315 5.810535765717678 229
1604713623316 5.806407725190753 230
1604713623318 5.802570500485975 231
1604713623320 5.799061646470798 232
1604713623321 5.796204393373417 233
1604713623323 5.792222517990143 234
1604713623324 5.788613811471956 235
1604713623326 5.784994377298523 236
1604713623328 5.781495518721409 237
1604713623329 5.777708641830594 238
1604713623331 5.7739940132753755 239
1604713623332 5.769994380604424 240
1604713623333 5.766325315703893 241
1604713623335 5.762423127794768 242
1604713623337 5.7591304997806265 243
1604713623338 5.755410488343157 244
1604713623340 5.752401692761779 245
1604713623341 5.74906495914737 246
1604713623343 5.745206817799464 247
1604713623344 5.742452018318469 248
1604713623346 5.7410168000652355 249
1604713623347 5.737746805533773 250
1604713623349 5.736353283347935 251
1604713623351 5.732601695346204 252
1604713623352 5.729470654580638 253
1604713623354 5.72813147407514 254
1604713623355 5.724485655334474 255
1604713623357 5.721979265279308 256
1604713623358 5.720691206591486 257
1604713623360 5.717676788008267 258
1604713623361 5.716424410035333 259
1604713623363 5.713325221389967 260
1604713623364 5.712107081842535 261
1604713623366 5.70827813501148 262
1604713623368 5.706213053308557 263
1604713623369 5.703355771612254 264
1604713623371 5.700910527838547 265
1604713623372 5.699762367883471 266
1604713623374 5.697203343433147 267
1604713623375 5.696086643792139 268
1604713623377 5.693384878679274 269
1604713623378 5.692298400856866 270
1604713623380 5.68961077848861 271
1604713623381 5.688511167582271 272
1604713623383 5.686499273754458 273
1604713623384 5.684024905538355 274
1604713623386 5.6830011621456205 275
1604713623388 5.6804695491887385 276
1604713623389 5.679434066814299 277
1604713623391 5.676850257618019 278
1604713623392 5.674598157738333 279
1604713623394 5.673634964047076 280
1604713623395 5.671006900173522 281
1604713623397 5.668720616371232 282
1604713623398 5.666542346932994 283
1604713623400 5.66565565373695 284
1604713623401 5.663376005562558 285
1604713623403 5.662476160598555 286
1604713623404 5.660324462763447 287
1604713623406 5.658226376277926 288
1604713623407 5.655344069253903 289
1604713623408 5.653250098774867 290
1604713623410 5.651808263633069 291
1604713623411 5.648996163686504 292
1604713623413 5.6469570448018445 293
1604713623414 5.6455566706755205 294
1604713623416 5.64312848784092 295
1604713623417 5.641760887883231 296
1604713623419 5.639779730929408 297
1604713623420 5.638093249260987 298
1604713623422 5.637260754062937 299
1604713623423 5.63537443619533 300
1604713623425 5.634059384756742 301
1604713623427 5.631433110047602 302
1604713623428 5.628788837330441 303
1604713623430 5.626914328035468 304
1604713623431 5.625641874983927 305
1604713623433 5.623166492954411 306
1604713623434 5.621340099851864 307
1604713623436 5.619765736381824 308
1604713623437 5.61760151689222 309
1604713623439 5.615701695381047 310
1604713623440 5.61318555811963 311
1604713623442 5.6114141756175036 312
1604713623443 5.610281829857251 313
1604713623445 5.607758893285306 314
1604713623446 5.605787129932448 315
1604713623448 5.604684026527048 316
1604713623449 5.6022296790368475 317
1604713623450 5.600500071028355 318
1604713623452 5.599356068142876 319
1604713623454 5.597312316547289 320
1604713623455 5.595842007709616 321
1604713623457 5.593406099491586 322
1604713623458 5.591321602254055 323
1604713623460 5.589931809797445 324
1604713623461 5.588147904770782 325
1604713623463 5.585301589955368 326
1604713623464 5.58365747212207 327
1604713623466 5.582649388984513 328
1604713623467 5.580289868978746 329
1604713623469 5.578365453143131 330
1604713623470 5.577037695915172 331
1604713623472 5.575650414158359 332
1604713623473 5.573932844804447 333
1604713623475 5.571600508926509 334
1604713623476 5.5695803450594354 335
1604713623478 5.568620515800015 336
1604713623479 5.566684605365806 337
1604713623481 5.565349553720958 338
1604713623482 5.563073525592478 339
1604713623483 5.561258685794434 340
1604713623485 5.55988643533617 341
1604713623487 5.5577892885538285 342
1604713623488 5.55557477842558 343
1604713623490 5.5537189876689546 344
1604713623491 5.551799792110466 345
1604713623493 5.55022568310212 346
1604713623494 5.548188173530978 347
1604713623496 5.546057878402391 348
1604713623497 5.544281950654556 349
1604713623499 5.542293306049453 350
1604713623500 5.540310949871933 351
1604713623502 5.53836576786357 352
1604713623503 5.53577555434522 353
1604713623505 5.533821335238551 354
1604713623506 5.531791104863351 355
1604713623508 5.528413576541732 356
1604713623509 5.526417705613105 357
1604713623511 5.52303414726113 358
1604713623512 5.520622751049339 359
1604713623514 5.5185825664218315 360
1604713623515 5.516253109869728 361
1604713623517 5.513900716785004 362
1604713623518 5.5125838280774495 363
1604713623520 5.5097440943084495 364
1604713623521 5.506876768527386 365
1604713623523 5.504795449973096 366
1604713623524 5.502938260719684 367
1604713623526 5.501191926005601 368
1604713623527 5.498993100794944 369
1604713623529 5.495728880594407 370
1604713623530 5.492964106098463 371
1604713623532 5.489839491062373 372
1604713623533 5.4888939137424515 373
1604713623535 5.486715506365864 374
1604713623536 5.484792206537408 375
1604713623538 5.483869281447465 376
1604713623539 5.48248045797003 377
1604713623541 5.481576622511764 378
1604713623542 5.480053845426443 379
1604713623544 5.477364637439113 380
1604713623545 5.475517218790441 381
1604713623547 5.474631319728386 382
1604713623548 5.472539343797163 383
1604713623550 5.469655453408955 384
1604713623551 5.468787541520994 385
1604713623552 5.466839098237429 386
1604713623554 5.464236255284947 387
1604713623556 5.462976434953161 388
1604713623557 5.462127478456061 389
1604713623559 5.460607263771496 390
1604713623560 5.457729594681677 391
1604713623562 5.457216312620819 392
1604713623563 5.4540925837646235 393
1604713623565 5.453269848690053 394
1604713623566 5.451981688029422 395
1604713623568 5.4491912404288865 396
1604713623569 5.446746777091933 397
1604713623571 5.445943368806454 398
1604713623572 5.443191374259083 399
1604713623574 5.441428182384339 400
1604713623575 5.439598951339314 401
1604713623577 5.43722981067769 402
1604713623578 5.43340492621373 403
1604713623580 5.431791840094885 404
1604713623582 5.428649060912229 405
1604713623584 5.425567056540255 406
1604713623585 5.422572112424816 407
1604713623587 5.419634344828844 408
1604713623589 5.416770618502277 409
1604713623590 5.41394175668546 410
1604713623592 5.411285529611615 411
1604713623593 5.408552181423187 412
1604713623595 5.405980158879834 413
1604713623596 5.403297273123677 414
1604713623598 5.400565319670248 415
1604713623599 5.398012208445087 416
1604713623601 5.395488355010867 417
1604713623602 5.39298530098846 418
1604713623604 5.390429476181418 419
1604713623605 5.3877392316267745 420
1604713623606 5.3869686427121755 421
1604713623608 5.384330926476347 422
1604713623609 5.38357563993612 423
1604713623611 5.3823906561180745 424
1604713623612 5.379824962077855 425
1604713623614 5.377388156507911 426
1604713623615 5.3749957877179355 427
1604713623617 5.37267153223057 428
1604713623618 5.370868662892091 429
1604713623620 5.368967947495175 430
1604713623621 5.367212465711816 431
1604713623623 5.3653964442322035 432
1604713623624 5.363586199673775 433
1604713623626 5.3619308279145015 434
1604713623627 5.3602611035630545 435
1604713623629 5.358508572006705 436
1604713623630 5.356517788810859 437
1604713623634 5.566684605365806 438
