1604714587405 10.171155725539382 0
1604714587407 10.106696558050174 1
1604714587409 10.043118055764662 2
1604714587411 9.980410969090345 3
1604714587413 9.918565624829528 4
1604714587415 9.857573661868265 5
1604714587417 9.79742400169363 6
1604714587419 9.738109942809356 7
1604714587421 9.679618568172332 8
1604714587423 9.621945230225128 9
1604714587425 9.565077226244439 10
1604714587427 9.509009808624466 11
1604714587429 9.453730780461395 12
1604714587431 9.399233448935266 13
1604714587433 9.345505194243911 14
1604714587434 9.29254200898466 15
1604714587436 9.240330392934744 16
1604714587438 9.18864049262504 17
1604714587440 9.13769048435263 18
1604714587442 9.087679612170914 19
1604714587444 9.03817593672407 20
1604714587446 8.989591892672866 21
1604714587448 8.941502612921948 22
1604714587450 8.894115418315602 23
1604714587452 8.847606793976995 24
1604714587454 8.80151661762833 25
1604714587456 8.756352862320378 26
1604714587458 8.711594502320994 27
1604714587460 8.6675615920003 28
1604714587462 8.624287146117304 29
1604714587464 8.581538067034257 30
1604714587466 8.539531679667279 31
1604714587468 8.498150452132627 32
1604714587470 8.45669902017618 33
1604714587472 8.415615026758061 34
1604714587474 8.374515801058353 35
1604714587476 8.334033916862337 36
1604714587478 8.294956052563636 37
1604714587480 8.255648290478893 38
1604714587482 8.216757755435523 39
1604714587484 8.178963356048586 40
1604714587486 8.141663375329314 41
1604714587488 8.105551680297724 42
1604714587490 8.070390595963001 43
1604714587491 8.034988907343399 44
1604714587493 7.9998146136583 45
1604714587495 7.9657481890589334 46
1604714587497 7.93164396208623 47
1604714587499 7.898598619724226 48
1604714587501 7.865743001080011 49
1604714587503 7.834119109715375 50
1604714587505 7.802540300869766 51
1604714587507 7.771205849054741 52
1604714587509 7.740225890910748 53
1604714587511 7.710245981233011 54
1604714587513 7.6799368467431 55
1604714587515 7.650462230127989 56
1604714587517 7.6213798865369835 57
1604714587519 7.5931488959479845 58
1604714587521 7.565427118329684 59
1604714587523 7.537794903547803 60
1604714587525 7.51053161524099 61
1604714587527 7.48325242131095 62
1604714587529 7.457169299882654 63
1604714587531 7.4311946743417465 64
1604714587533 7.405926805032127 65
1604714587535 7.380778411326414 66
1604714587537 7.355826648973649 67
1604714587539 7.331971364041733 68
1604714587541 7.307798424176566 69
1604714587543 7.284471102345228 70
1604714587545 7.26079771981368 71
1604714587547 7.237875252274981 72
1604714587549 7.2160051581048625 73
1604714587551 7.193686841123685 74
1604714587552 7.172518044442712 75
1604714587554 7.1509696173291415 76
1604714587556 7.129800307922129 77
1604714587558 7.10794672414231 78
1604714587560 7.087156836324835 79
1604714587562 7.065956803729919 80
1604714587564 7.044874151067776 81
1604714587566 7.0250394949065145 82
1604714587568 7.006155876480364 83
1604714587570 6.987024740806152 84
1604714587572 6.967777871919664 85
1604714587574 6.948546867933262 86
1604714587576 6.930340860114891 87
1604714587578 6.913210668281637 88
1604714587580 6.894104693352315 89
1604714587582 6.876438258526363 90
1604714587584 6.8589528791545815 91
1604714587586 6.8420004303593 92
1604714587588 6.825928256600811 93
1604714587590 6.808855031600693 94
1604714587591 6.79186831431069 95
1604714587593 6.7755768708322925 96
1604714587594 6.759265639313486 97
1604714587596 6.7439559536576255 98
1604714587597 6.729695376376152 99
1604714587599 6.714154464300526 100
1604714587600 6.698798309074276 101
1604714587602 6.684176527422006 102
1604714587603 6.670341395405236 103
1604714587605 6.656335714173133 104
1604714587607 6.642430678088299 105
1604714587609 6.628567900666367 106
1604714587610 6.614847855661238 107
1604714587612 6.601253587008329 108
1604714587613 6.587814821090137 109
1604714587615 6.574815270886463 110
1604714587616 6.561808142110005 111
1604714587618 6.549215266172868 112
1604714587619 6.536777828188907 113
1604714587621 6.523613065086759 114
1604714587622 6.511884268635485 115
1604714587624 6.499114225775457 116
1604714587626 6.487497650878161 117
1604714587627 6.475966942451226 118
1604714587629 6.463831857136751 119
1604714587630 6.453017230930314 120
1604714587631 6.441278546905293 121
1604714587633 6.430555538303613 122
1604714587634 6.419136263385596 123
1604714587636 6.409022706527667 124
1604714587637 6.3987706418213826 125
1604714587639 6.388885108245505 126
1604714587641 6.378180430983555 127
1604714587643 6.368695247652383 128
1604714587644 6.358279655457609 129
1604714587645 6.348832696371318 130
1604714587647 6.339796320040699 131
1604714587648 6.330922317404485 132
1604714587650 6.32161808777548 133
1604714587651 6.31288238721122 134
1604714587653 6.303898295783952 135
1604714587654 6.29533113009977 136
1604714587656 6.28660447395768 137
1604714587657 6.278278762653576 138
1604714587659 6.2698410375864375 139
1604714587661 6.262022817273399 140
1604714587662 6.252993396621894 141
1604714587664 6.245521862394276 142
1604714587665 6.2380228324794444 143
1604714587667 6.22972357713632 144
1604714587668 6.222430838921071 145
1604714587670 6.21507256612735 146
1604714587671 6.207132362081508 147
1604714587673 6.200176746803087 148
1604714587675 6.193155656869945 149
1604714587676 6.185501326656621 150
1604714587678 6.178765077619873 151
1604714587679 6.171359377120006 152
1604714587681 6.164355707821354 153
1604714587682 6.157908776441619 154
1604714587684 6.151598721635194 155
1604714587685 6.144622891975882 156
1604714587686 6.138072965885431 157
1604714587688 6.1322472115781785 158
1604714587689 6.125843789656515 159
1604714587691 6.119197123640184 160
1604714587692 6.112993501881575 161
1604714587694 6.107188780872231 162
1604714587695 6.100824739363746 163
1604714587697 6.095238676031793 164
1604714587698 6.089381677890329 165
1604714587699 6.083196255427512 166
1604714587701 6.077005886446519 167
1604714587702 6.071751272075889 168
1604714587704 6.065902940682025 169
1604714587705 6.060434910466136 170
1604714587707 6.055333794830631 171
1604714587709 6.049608050203846 172
1604714587710 6.043988068878064 173
1604714587712 6.038811890338094 174
1604714587713 6.033995707628758 175
1604714587714 6.028561580587618 176
1604714587716 6.022840701232244 177
1604714587717 6.018294554241143 178
1604714587719 6.013451111818025 179
1604714587720 6.0083264465592245 180
1604714587722 6.003227144459043 181
1604714587723 5.998524567638228 182
1604714587725 5.993309626802927 183
1604714587726 5.988100880538551 184
1604714587728 5.983915777414926 185
1604714587729 5.978936328847749 186
1604714587730 5.974932246739045 187
1604714587732 5.970097609104018 188
1604714587733 5.965829562669889 189
1604714587735 5.96103320342788 190
1604714587736 5.956416899573446 191
1604714587738 5.952632609283504 192
1604714587739 5.948333121675147 193
1604714587741 5.944403663087792 194
1604714587742 5.9405553948568715 195
1604714587744 5.936431037238142 196
1604714587745 5.932513940997007 197
1604714587747 5.9290316715386515 198
1604714587748 5.92510724925576 199
1604714587750 5.921193097478966 200
1604714587751 5.9175890189584335 201
1604714587753 5.913775066209585 202
1604714587754 5.910562239410671 203
1604714587755 5.907423113732055 204
1604714587757 5.9040235593035035 205
1604714587758 5.900646511285354 206
1604714587760 5.897639703426115 207
1604714587761 5.89437737067597 208
1604714587763 5.891176505510347 209
1604714587764 5.887699088409051 210
1604714587766 5.884077407933197 211
1604714587767 5.880077270350648 212
1604714587769 5.876805530934673 213
1604714587770 5.872261241748808 214
1604714587771 5.867771081201665 215
1604714587773 5.863390138002986 216
1604714587774 5.859061587707688 217
1604714587776 5.854829366510221 218
1604714587777 5.850654337607204 219
1604714587779 5.846569565860969 220
1604714587780 5.84272626460427 221
1604714587782 5.83873974885501 222
1604714587783 5.835010474455774 223
1604714587785 5.831126185204612 224
1604714587786 5.827547258801094 225
1604714587787 5.823876620679338 226
1604714587789 5.820414929141325 227
1604714587790 5.816578540392036 228
1604714587792 5.81320995628968 229
1604714587793 5.809873477570527 230
1604714587795 5.80604796746006 231
1604714587796 5.8027414081385436 232
1604714587798 5.799547116593387 233
1604714587799 5.795936440713162 234
1604714587801 5.792740600704982 235
1604714587802 5.789099698243321 236
1604714587803 5.786038451931504 237
1604714587805 5.782954351281356 238
1604714587806 5.779187330112236 239
1604714587808 5.776230932685953 240
1604714587810 5.7732491545585525 241
1604714587811 5.7701174795375225 242
1604714587812 5.767341918799 243
1604714587814 5.763997374488873 244
1604714587815 5.761064878194119 245
1604714587817 5.758390436327236 246
1604714587818 5.754900889606 247
1604714587820 5.752063406736119 248
1604714587821 5.749425675249185 249
1604714587823 5.746175024778832 250
1604714587824 5.743651410748149 251
1604714587826 5.740597390050452 252
1604714587827 5.737349536805456 253
1604714587829 5.734854833991469 254
1604714587830 5.731742904473583 255
1604714587832 5.729357250779215 256
1604714587833 5.726131060417776 257
1604714587835 5.723211400622883 258
1604714587836 5.72089243075833 259
1604714587837 5.71809843415792 260
1604714587839 5.715125060609071 261
1604714587841 5.712220462512392 262
1604714587842 5.709252046478502 263
1604714587844 5.706216670767146 264
1604714587845 5.70377592024644 265
1604714587847 5.700761855413766 266
1604714587848 5.696404326509942 267
1604714587849 5.69404337465124 268
1604714587851 5.691145985508044 269
1604714587852 5.6883352702874905 270
1604714587854 5.6857915082977835 271
1604714587855 5.683598287013598 272
1604714587857 5.6808856953397555 273
1604714587858 5.676889899250542 274
1604714587860 5.6746187521908675 275
1604714587861 5.6722521843425575 276
1604714587863 5.668176156261849 277
1604714587864 5.665761674597174 278
1604714587866 5.661892437442454 279
1604714587867 5.659745017281383 280
1604714587869 5.655964841026191 281
1604714587870 5.653189831551234 282
1604714587871 5.650659446966081 283
1604714587873 5.6479465995981855 284
1604714587874 5.644081489036575 285
1604714587876 5.6414303313436625 286
1604714587877 5.637610208077182 287
1604714587879 5.635454996564645 288
1604714587880 5.632476716438404 289
1604714587882 5.628594483969442 290
1604714587883 5.626653266182541 291
1604714587885 5.624404363451607 292
1604714587886 5.622146456725486 293
1604714587887 5.619851425732501 294
1604714587889 5.616157030752418 295
1604714587890 5.614007554419066 296
1604714587892 5.610393786019158 297
1604714587893 5.60721192659539 298
1604714587895 5.6054359607911435 299
1604714587896 5.601727306267411 300
1604714587898 5.599915086516731 301
1604714587899 5.597708449356971 302
1604714587900 5.594083938176255 303
1604714587902 5.5922662267129555 304
1604714587903 5.5890079083204975 305
1604714587905 5.585578676542906 306
1604714587906 5.582651796308474 307
1604714587908 5.580612112372784 308
1604714587910 5.578464782658551 309
1604714587911 5.575285866421342 310
1604714587913 5.572098995235026 311
1604714587914 5.570391542660367 312
1604714587915 5.567474105312362 313
1604714587917 5.564491658755572 314
1604714587918 5.561691326224966 315
1604714587920 5.558488479697521 316
1604714587921 5.555672864841326 317
1604714587923 5.55288073929462 318
1604714587924 5.5506971768271685 319
1604714587926 5.547961095761549 320
1604714587927 5.544947922943781 321
1604714587929 5.542805163726954 322
1604714587930 5.540423929687423 323
1604714587932 5.537500279115587 324
1604714587933 5.534965838226266 325
1604714587935 5.533264490853988 326
1604714587936 5.531283288808317 327
1604714587938 5.52887321322264 328
1604714587939 5.526474137534725 329
1604714587941 5.524115094117158 330
1604714587942 5.5211295052881315 331
1604714587944 5.519022849521734 332
1604714587945 5.5168921328027185 333
1604714587947 5.513759599936119 334
1604714587948 5.512059464897534 335
1604714587950 5.509766534276027 336
1604714587951 5.506193639798683 337
1604714587952 5.503654152066906 338
1604714587954 5.501889455664707 339
1604714587955 5.49950777905647 340
1604714587957 5.4969282228308805 341
1604714587958 5.4950758729517535 342
1604714587960 5.492802348690663 343
1604714587961 5.490850357168555 344
1604714587963 5.488334801089954 345
1604714587964 5.48639869348004 346
1604714587966 5.483674908958138 347
1604714587967 5.481400159289385 348
1604714587969 5.479861929994884 349
1604714587970 5.47740567008023 350
1604714587971 5.474751146826978 351
1604714587973 5.47194898693409 352
1604714587975 5.469512817122352 353
1604714587976 5.467662319254936 354
1604714587977 5.465120717027881 355
1604714587979 5.4624118001215916 356
1604714587983 5.729357250779215 357
