1604713515785 10.19560610445581 0
1604713515788 10.131522233833797 1
1604713515790 10.068316835934413 2
1604713515792 10.005981496996164 3
1604713515794 9.944505994856593 4
1604713515796 9.883880841305768 5
1604713515798 9.82409762137303 6
1604713515800 9.765147049167089 7
1604713515802 9.706999855716633 8
1604713515804 9.649654799282892 9
1604713515806 9.593122164383585 10
1604713515808 9.537374673177114 11
1604713515810 9.482415419432865 12
1604713515812 9.42823599549901 13
1604713515814 9.37482368770417 14
1604713515816 9.32215980319789 15
1604713515818 9.27025588758132 16
1604713515820 9.219096888975347 17
1604713515822 9.168668494533403 18
1604713515824 9.118947945501642 19
1604713515826 9.070103884089088 20
1604713515828 9.021977461407966 21
1604713515830 8.974263509644729 22
1604713515832 8.927510193059653 23
1604713515834 8.88088479287878 24
1604713515836 8.8352092818943 25
1604713515838 8.789931600899626 26
1604713515840 8.74532464801072 27
1604713515842 8.701634721172598 28
1604713515844 8.658572791729105 29
1604713515846 8.615891486650204 30
1604713515848 8.574077379789411 31
1604713515850 8.53276407577223 32
1604713515853 8.49195220289178 33
1604713515855 8.452066476743788 34
1604713515857 8.412536350596506 35
1604713515859 8.373843766254469 36
1604713515861 8.335411185309697 37
1604713515862 8.29787735060133 38
1604713515864 8.2606810937976 39
1604713515867 8.224363349082 40
1604713515869 8.188439650095237 41
1604713515871 8.152930686545126 42
1604713515873 8.118246432606966 43
1604713515875 8.083730978152113 44
1604713515877 8.049987390532042 45
1604713515879 8.01658590828659 46
1604713515880 7.9837650721169355 47
1604713515882 7.951413424335238 48
1604713515885 7.91944721600357 49
1604713515887 7.88820064688354 50
1604713515889 7.857197893416716 51
1604713515891 7.826815277668453 52
1604713515893 7.7969085958484685 53
1604713515895 7.76742453251001 54
1604713515896 7.738337491180286 55
1604713515898 7.709911457762196 56
1604713515901 7.6816730685321595 57
1604713515903 7.654046585150766 58
1604713515905 7.626755546864832 59
1604713515907 7.5992258124141445 60
1604713515909 7.572766335662069 61
1604713515911 7.546005958104909 62
1604713515913 7.520340427256245 63
1604713515915 7.494456822517548 64
1604713515917 7.469688194910398 65
1604713515919 7.443361954835842 66
1604713515921 7.419443607715693 67
1604713515923 7.39392245968811 68
1604713515925 7.368823183513268 69
1604713515927 7.345256479017177 70
1604713515929 7.320931960542273 71
1604713515931 7.2980892004097555 72
1604713515933 7.274518778212935 73
1604713515935 7.251341981997428 74
1604713515937 7.229560024794735 75
1604713515939 7.207099132210833 76
1604713515941 7.185988108941188 77
1604713515943 7.164230139571725 78
1604713515945 7.14264175683052 79
1604713515947 7.122540364050271 80
1604713515949 7.101627414189978 81
1604713515951 7.0813752254296185 82
1604713515953 7.062326933640418 83
1604713515955 7.042620520172481 84
1604713515957 7.024071082558895 85
1604713515959 7.004764760725385 86
1604713515961 6.986989401217086 87
1604713515963 6.968289150856249 88
1604713515965 6.950227853357871 89
1604713515967 6.933224651774363 90
1604713515969 6.915778846142891 91
1604713515971 6.899336405864077 92
1604713515973 6.88245761292261 93
1604713515975 6.866552003307283 94
1604713515977 6.849807613830528 95
1604713515979 6.833805457607572 96
1604713515981 6.818677935630411 97
1604713515983 6.802778450462414 98
1604713515984 6.78829519101138 99
1604713515986 6.773023017415875 100
1604713515987 6.7588358731095255 101
1604713515989 6.744419024402522 102
1604713515990 6.729956334711005 103
1604713515992 6.715356794852299 104
1604713515993 6.701391068737723 105
1604713515995 6.687148521592863 106
1604713515996 6.673415015218173 107
1604713515997 6.660028367762614 108
1604713515999 6.646426840297314 109
1604713516001 6.633318831220973 110
1604713516002 6.620577848838856 111
1604713516003 6.607588797351903 112
1604713516005 6.595098458174134 113
1604713516006 6.582790679216948 114
1604713516007 6.570390464206095 115
1604713516009 6.558691989483247 116
1604713516010 6.546711628012421 117
1604713516012 6.535184587816036 118
1604713516013 6.52353071349549 119
1604713516015 6.51267343022909 120
1604713516016 6.5016226872074006 121
1604713516018 6.490470437492633 122
1604713516019 6.4795286286387626 123
1604713516020 6.469198588092499 124
1604713516022 6.458844967332588 125
1604713516023 6.4483688210743795 126
1604713516025 6.438456171943519 127
1604713516026 6.428236669621033 128
1604713516027 6.41861738664884 129
1604713516029 6.408972651867614 130
1604713516030 6.3996266444968715 131
1604713516031 6.390744639160329 132
1604713516033 6.381541571906729 133
1604713516035 6.372607689247689 134
1604713516036 6.363572762177962 135
1604713516037 6.3552410019717085 136
1604713516039 6.346008607220682 137
1604713516040 6.337716069009605 138
1604713516041 6.32929157083969 139
1604713516043 6.320945351606103 140
1604713516044 6.31270375812449 141
1604713516046 6.304825894095377 142
1604713516047 6.2968099472039 143
1604713516049 6.2885144644395385 144
1604713516050 6.281054467889189 145
1604713516052 6.273627737348021 146
1604713516053 6.266144669051423 147
1604713516055 6.2589094909632985 148
1604713516056 6.251853990378806 149
1604713516057 6.245004560440079 150
1604713516059 6.238063954404973 151
1604713516060 6.231133576811268 152
1604713516061 6.22457057084845 153
1604713516063 6.217624546222659 154
1604713516064 6.2109867185267 155
1604713516066 6.204514771343259 156
1604713516067 6.198094522948075 157
1604713516069 6.191963318595212 158
1604713516070 6.185796968014259 159
1604713516072 6.17887369546695 160
1604713516073 6.172692695559944 161
1604713516074 6.166707808872466 162
1604713516076 6.159496614321804 163
1604713516077 6.151533808697702 164
1604713516078 6.144573421638916 165
1604713516080 6.13687228818942 166
1604713516082 6.1293134905029705 167
1604713516084 6.123984470911023 168
1604713516085 6.116642893265593 169
1604713516087 6.109462281229585 170
1604713516088 6.102390807684632 171
1604713516090 6.097570729501828 172
1604713516091 6.090819276768543 173
1604713516093 6.084780986145696 174
1604713516094 6.078225145095873 175
1604713516095 6.071737088541869 176
1604713516097 6.064767530830593 177
1604713516098 6.057893614290972 178
1604713516100 6.051776631034302 179
1604713516101 6.0450484996731095 180
1604713516103 6.039034411281675 181
1604713516104 6.032320111190509 182
1604713516106 6.026359875400453 183
1604713516107 6.020882646732372 184
1604713516109 6.01691501260702 185
1604713516110 6.010660558225086 186
1604713516111 6.0042832146095115 187
1604713516113 5.999145520608115 188
1604713516114 5.992906081041766 189
1604713516116 5.98742417686036 190
1604713516117 5.982410525183716 191
1604713516119 5.976492973562428 192
1604713516120 5.970537699899888 193
1604713516122 5.965212660145734 194
1604713516123 5.959445585144223 195
1604713516124 5.954314935097931 196
1604713516126 5.949925651198758 197
1604713516127 5.944439205569367 198
1604713516129 5.939498496119845 199
1604713516130 5.933783102658572 200
1604713516131 5.929467699759714 201
1604713516133 5.92469269039138 202
1604713516135 5.920009236725289 203
1604713516136 5.914444119627403 204
1604713516137 5.910014190137427 205
1604713516139 5.906899075446435 206
1604713516140 5.902303416048803 207
1604713516142 5.897770841338768 208
1604713516143 5.892509908336543 209
1604713516145 5.886950455719542 210
1604713516146 5.882839824729522 211
1604713516147 5.878281315837185 212
1604713516149 5.875375173820782 213
1604713516150 5.870910827203942 214
1604713516152 5.8661063245449165 215
1604713516153 5.862113017852787 216
1604713516155 5.857790269867078 217
1604713516156 5.853229237930894 218
1604713516157 5.849935056080727 219
1604713516159 5.845298922036372 220
1604713516160 5.8411991048764955 221
1604713516162 5.83668031857942 222
1604713516163 5.832544685339724 223
1604713516164 5.828683055659329 224
1604713516166 5.825945279761787 225
1604713516168 5.822046388207098 226
1604713516169 5.817795884174621 227
1604713516171 5.814253416664499 228
1604713516172 5.810535765717678 229
1604713516173 5.806407725190753 230
1604713516175 5.802570500485975 231
1604713516176 5.799061646470798 232
1604713516178 5.796204393373417 233
1604713516179 5.792222517990144 234
1604713516180 5.788613811471956 235
1604713516182 5.784994377298524 236
1604713516183 5.781495518721409 237
1604713516185 5.777708641830594 238
1604713516187 5.7739940132753755 239
1604713516188 5.769994380604424 240
1604713516190 5.766325315703893 241
1604713516191 5.762423127794769 242
1604713516193 5.7591304997806265 243
1604713516194 5.755410488343157 244
1604713516196 5.752401692761779 245
1604713516197 5.74906495914737 246
1604713516198 5.745206817799464 247
1604713516200 5.742452018318469 248
1604713516202 5.7410168000652355 249
1604713516203 5.737746805533773 250
1604713516204 5.736353283347935 251
1604713516206 5.732601695346204 252
1604713516207 5.729470654580638 253
1604713516209 5.72813147407514 254
1604713516210 5.724485655334475 255
1604713516211 5.721979265279308 256
1604713516213 5.720691206591486 257
1604713516214 5.717676788008267 258
1604713516216 5.716424410035333 259
1604713516217 5.713325221389967 260
1604713516219 5.712107081842535 261
1604713516220 5.708278135011479 262
1604713516222 5.706213053308556 263
1604713516223 5.703355771612254 264
1604713516224 5.700910527838546 265
1604713516226 5.699762367883471 266
1604713516227 5.697203343433147 267
1604713516229 5.696086643792139 268
1604713516230 5.693384878679274 269
1604713516232 5.692298400856866 270
1604713516233 5.689610778488609 271
1604713516235 5.688511167582271 272
1604713516236 5.686499273754458 273
1604713516237 5.684024905538355 274
1604713516239 5.683001162145621 275
1604713516240 5.6804695491887385 276
1604713516242 5.679434066814299 277
1604713516243 5.676850257618018 278
1604713516244 5.674598157738333 279
1604713516246 5.673634964047076 280
1604713516247 5.671006900173522 281
1604713516249 5.668720616371232 282
1604713516250 5.666542346932994 283
1604713516252 5.66565565373695 284
1604713516253 5.663376005562559 285
1604713516255 5.662476160598555 286
1604713516256 5.660324462763447 287
1604713516257 5.658226376277926 288
1604713516259 5.655344069253903 289
1604713516260 5.653250098774868 290
1604713516262 5.651808263633068 291
1604713516263 5.648996163686504 292
1604713516264 5.6469570448018445 293
1604713516266 5.6455566706755205 294
1604713516267 5.64312848784092 295
1604713516269 5.641760887883231 296
1604713516270 5.639779730929408 297
1604713516272 5.638093249260987 298
1604713516273 5.637260754062936 299
1604713516274 5.635374436195331 300
1604713516276 5.634059384756743 301
1604713516277 5.631433110047602 302
1604713516279 5.628788837330441 303
1604713516280 5.626914328035467 304
1604713516282 5.625641874983928 305
1604713516283 5.623166492954411 306
1604713516285 5.621340099851864 307
1604713516286 5.619765736381824 308
1604713516288 5.61760151689222 309
1604713516289 5.615701695381047 310
1604713516291 5.61318555811963 311
1604713516292 5.6114141756175036 312
1604713516293 5.610281829857251 313
1604713516295 5.607758893285307 314
1604713516296 5.605787129932448 315
1604713516298 5.604684026527048 316
1604713516299 5.6022296790368475 317
1604713516301 5.600500071028355 318
1604713516303 5.599356068142875 319
1604713516304 5.597312316547289 320
1604713516306 5.595842007709615 321
1604713516307 5.593406099491587 322
1604713516308 5.591321602254055 323
1604713516310 5.589931809797445 324
1604713516311 5.588147904770782 325
1604713516313 5.5853015899553675 326
1604713516314 5.58365747212207 327
1604713516315 5.582649388984513 328
1604713516317 5.580289868978746 329
1604713516319 5.57836545314313 330
1604713516320 5.577037695915172 331
1604713516321 5.575650414158359 332
1604713516323 5.573932844804448 333
1604713516324 5.571600508926509 334
1604713516326 5.569580345059436 335
1604713516327 5.568620515800015 336
1604713516329 5.566684605365807 337
1604713516330 5.565349553720957 338
1604713516331 5.563073525592479 339
1604713516333 5.561258685794434 340
1604713516334 5.55988643533617 341
1604713516336 5.5577892885538285 342
1604713516337 5.555574778425579 343
1604713516339 5.553718987668954 344
1604713516340 5.551799792110466 345
1604713516342 5.55022568310212 346
1604713516343 5.548188173530978 347
1604713516345 5.546057878402391 348
1604713516346 5.544281950654557 349
1604713516347 5.542293306049453 350
1604713516349 5.540310949871933 351
1604713516350 5.53836576786357 352
1604713516352 5.535775554345219 353
1604713516353 5.533821335238551 354
1604713516355 5.531791104863351 355
1604713516356 5.528413576541732 356
1604713516357 5.526417705613105 357
1604713516359 5.52303414726113 358
1604713516360 5.520622751049339 359
1604713516362 5.5185825664218315 360
1604713516363 5.516253109869729 361
1604713516364 5.513900716785004 362
1604713516366 5.512583828077449 363
1604713516367 5.5097440943084495 364
1604713516369 5.506876768527386 365
1604713516370 5.504795449973096 366
1604713516372 5.502938260719684 367
1604713516373 5.501191926005601 368
1604713516375 5.498993100794944 369
1604713516376 5.495728880594408 370
1604713516377 5.492964106098463 371
1604713516379 5.489839491062373 372
1604713516380 5.4888939137424515 373
1604713516382 5.486715506365864 374
1604713516383 5.484792206537408 375
1604713516385 5.483869281447465 376
1604713516386 5.48248045797003 377
1604713516388 5.481576622511764 378
1604713516389 5.480053845426443 379
1604713516390 5.477364637439113 380
1604713516392 5.47551721879044 381
1604713516393 5.4746313197283865 382
1604713516395 5.472539343797163 383
1604713516396 5.469655453408955 384
1604713516398 5.468787541520994 385
1604713516399 5.46683909823743 386
1604713516401 5.464236255284947 387
1604713516402 5.46297643495316 388
1604713516403 5.462127478456061 389
1604713516405 5.460607263771496 390
1604713516406 5.457729594681676 391
1604713516408 5.457216312620819 392
1604713516410 5.4540925837646235 393
1604713516411 5.453269848690053 394
1604713516413 5.451981688029422 395
1604713516414 5.449191240428887 396
1604713516416 5.446746777091933 397
1604713516417 5.445943368806454 398
1604713516419 5.443191374259083 399
1604713516420 5.441428182384339 400
1604713516422 5.439598951339314 401
1604713516423 5.43722981067769 402
1604713516425 5.43340492621373 403
1604713516426 5.431791840094885 404
1604713516428 5.428649060912229 405
1604713516429 5.425567056540255 406
1604713516430 5.422572112424817 407
1604713516432 5.419634344828843 408
1604713516434 5.416770618502276 409
1604713516435 5.4139417566854595 410
1604713516437 5.411285529611615 411
1604713516438 5.408552181423187 412
1604713516440 5.405980158879835 413
1604713516441 5.403297273123678 414
1604713516443 5.400565319670248 415
1604713516444 5.3980122084450874 416
1604713516446 5.395488355010867 417
1604713516447 5.39298530098846 418
1604713516449 5.390429476181418 419
1604713516450 5.3877392316267745 420
1604713516452 5.3869686427121755 421
1604713516453 5.384330926476347 422
1604713516454 5.38357563993612 423
1604713516456 5.382390656118074 424
1604713516457 5.379824962077854 425
1604713516459 5.3773881565079105 426
1604713516460 5.3749957877179355 427
1604713516462 5.37267153223057 428
1604713516463 5.370868662892091 429
1604713516464 5.368967947495175 430
1604713516466 5.367212465711816 431
1604713516467 5.3653964442322035 432
1604713516469 5.363586199673775 433
1604713516470 5.361930827914501 434
1604713516472 5.3602611035630545 435
1604713516473 5.358508572006704 436
1604713516475 5.356517788810859 437
1604713516479 5.566684605365807 438
