1604713620620 10.206201614809675 0
1604713620623 10.141891674036657 1
1604713620625 10.078462371070193 2
1604713620627 10.014835021622433 3
1604713620629 9.952074944374404 4
1604713620631 9.890175950459952 5
1604713620633 9.829806954322946 6
1604713620635 9.769584629345982 7
1604713620637 9.71086961262157 8
1604713620639 9.652262497467527 9
1604713620641 9.595142285874518 10
1604713620643 9.538138051104864 11
1604713620645 9.482600443235421 12
1604713620647 9.427847220592724 13
1604713620649 9.373179278431778 14
1604713620652 9.319957544512706 15
1604713620654 9.26680904737298 16
1604713620656 9.215087357206736 17
1604713620658 9.16410653651185 18
1604713620660 9.113244150652056 19
1604713620662 9.063710707309879 20
1604713620664 9.014747987776818 21
1604713620666 8.966021878799271 22
1604713620668 8.918595861680943 23
1604713620670 8.871720802684976 24
1604713620672 8.824975635043362 25
1604713620674 8.77947761081517 26
1604713620676 8.733770298552878 27
1604713620678 8.688738816060456 28
1604713620680 8.644742364784326 29
1604713620683 8.60183158589101 30
1604713620685 8.559187088307896 31
1604713620687 8.516518101210748 32
1604713620689 8.474466136506743 33
1604713620691 8.432615104223077 34
1604713620693 8.391800770532855 35
1604713620695 8.351686908834388 36
1604713620697 8.311230369445322 37
1604713620699 8.271874553216076 38
1604713620701 8.232940983949067 39
1604713620703 8.195158984875706 40
1604713620705 8.157855842162268 41
1604713620707 8.120378380665604 42
1604713620709 8.083819277958158 43
1604713620711 8.048259831730249 44
1604713620713 8.013140890963083 45
1604713620715 7.9777772298917435 46
1604713620717 7.943800210381433 47
1604713620719 7.909776139253814 48
1604713620721 7.877189144661027 49
1604713620724 7.843856092636045 50
1604713620727 7.8118907406405595 51
1604713620730 7.779554658091989 52
1604713620732 7.747820632631212 53
1604713620734 7.717363560470817 54
1604713620736 7.68648799765341 55
1604713620738 7.657158824953345 56
1604713620740 7.627216884891047 57
1604713620742 7.598525678127036 58
1604713620744 7.569496699801755 59
1604713620746 7.541831820680632 60
1604713620748 7.513709758255607 61
1604713620750 7.485710996003229 62
1604713620752 7.459378738545556 63
1604713620754 7.432592703269212 64
1604713620756 7.40617845710272 65
1604713620758 7.380923968280646 66
1604713620760 7.355198754366513 67
1604713620762 7.329986256607718 68
1604713620765 7.3052117743414735 69
1604713620767 7.2806632965352795 70
1604713620769 7.257434843043891 71
1604713620771 7.233643510640139 72
1604713620773 7.210342978630777 73
1604713620780 7.18730120214436 74
1604713620782 7.1647023777243675 75
1604713620784 7.143027481046601 76
1604713620786 7.121045822032864 77
1604713620788 7.099515576950831 78
1604713620790 7.078243789817387 79
1604713620792 7.058105858526811 80
1604713620794 7.037485533651625 81
1604713620797 7.017304648213652 82
1604713620799 6.997377024693217 83
1604713620802 6.97778868987008 84
1604713620805 6.958476406805737 85
1604713620807 6.939476542159449 86
1604713620811 6.9208435503837995 87
1604713620813 6.9024722878717615 88
1604713620816 6.884151188110162 89
1604713620819 6.866391583736159 90
1604713620822 6.848781749307306 91
1604713620826 6.831903256833789 92
1604713620829 6.814728322985063 93
1604713620832 6.798143665070731 94
1604713620836 6.781530612421829 95
1604713620840 6.765336527462871 96
1604713620843 6.749586017910479 97
1604713620847 6.733728947583682 98
1604713620849 6.71839808042915 99
1604713620853 6.702903538666534 100
1604713620856 6.688329718548907 101
1604713620859 6.673876941075705 102
1604713620863 6.659200598466391 103
1604713620867 6.644962030926891 104
1604713620870 6.630654319112697 105
1604713620872 6.61621094758715 106
1604713620873 6.60251322579454 107
1604713620875 6.588445396405198 108
1604713620877 6.574906831977751 109
1604713620879 6.5617004114354165 110
1604713620880 6.548730127152332 111
1604713620882 6.535499618077553 112
1604713620884 6.522963739831133 113
1604713620886 6.510169305713135 114
1604713620887 6.49805557004934 115
1604713620889 6.486569163142972 116
1604713620890 6.474588861360609 117
1604713620892 6.463166201888716 118
1604713620893 6.451927871926346 119
1604713620895 6.440497273960463 120
1604713620896 6.4296367104389205 121
1604713620897 6.4183460515114295 122
1604713620899 6.407844108614241 123
1604713620901 6.396628721117957 124
1604713620902 6.386569083437761 125
1604713620903 6.376174823977457 126
1604713620905 6.365457169186042 127
1604713620906 6.35609591327286 128
1604713620908 6.345847636600674 129
1604713620909 6.336593075730825 130
1604713620911 6.326876466323418 131
1604713620912 6.316910894902051 132
1604713620914 6.307282897501553 133
1604713620915 6.298800302092747 134
1604713620917 6.289304927109446 135
1604713620918 6.2802252574922734 136
1604713620920 6.2718783383015415 137
1604713620921 6.263136981237862 138
1604713620922 6.255335977878619 139
1604713620924 6.247269917852283 140
1604713620925 6.238936444251379 141
1604713620927 6.230298754510014 142
1604713620928 6.222149312225771 143
1604713620930 6.21380975370856 144
1604713620931 6.206486692020824 145
1604713620933 6.1990533812177535 146
1604713620934 6.192212659387564 147
1604713620936 6.184361646015281 148
1604713620937 6.177298597981226 149
1604713620939 6.17035268426116 150
1604713620940 6.163417966526632 151
1604713620941 6.157141979159956 152
1604713620943 6.150239676583806 153
1604713620944 6.143731523069367 154
1604713620946 6.137244065674325 155
1604713620947 6.131105305668978 156
1604713620949 6.125330337709363 157
1604713620950 6.119240228671189 158
1604713620952 6.113200632491569 159
1604713620953 6.105563721329099 160
1604713620955 6.098069437782886 161
1604713620956 6.091423771255792 162
1604713620958 6.085780865707055 163
1604713620959 6.07911686389399 164
1604713620961 6.07200387988907 165
1604713620962 6.065777490505808 166
1604713620963 6.060407534435349 167
1604713620965 6.054142596745764 168
1604713620966 6.046832619762562 169
1604713620968 6.040680109885767 170
1604713620970 6.0335748889579826 171
1604713620971 6.0276153877933405 172
1604713620973 6.0228208606293645 173
1604713620974 6.017055573328328 174
1604713620975 6.012419403867875 175
1604713620977 6.00680906495186 176
1604713620978 6.0023754600638055 177
1604713620980 5.996353118017993 178
1604713620981 5.991993694084106 179
1604713620983 5.986621775806011 180
1604713620984 5.982405877800021 181
1604713620986 5.977012160216641 182
1604713620987 5.970630507460571 183
1604713620989 5.966600981624164 184
1604713620990 5.961419332451099 185
1604713620992 5.955062838850491 186
1604713620993 5.950039502558648 187
1604713620995 5.946240754523684 188
1604713620997 5.94136362724373 189
1604713620998 5.935456943188076 190
1604713621000 5.930592983865528 191
1604713621002 5.924582175080348 192
1604713621003 5.919795488586423 193
1604713621004 5.916304856458865 194
1604713621006 5.911413812793327 195
1604713621007 5.906508203427187 196
1604713621009 5.903168247912667 197
1604713621010 5.898382251619625 198
1604713621012 5.894306916992179 199
1604713621013 5.8897166040750975 200
1604713621015 5.885199096675736 201
1604713621017 5.882054968809056 202
1604713621018 5.877625013172582 203
1604713621020 5.873796817998597 204
1604713621022 5.8695026771849745 205
1604713621023 5.86585605906758 206
1604713621025 5.862312034904194 207
1604713621026 5.8580804126152 208
1604713621028 5.854547810521405 209
1604713621029 5.850375568832121 210
1604713621031 5.846913486100993 211
1604713621032 5.8435421119446564 212
1604713621034 5.838764788303529 213
1604713621035 5.835457756514057 214
1604713621037 5.831930829022619 215
1604713621038 5.828628295660617 216
1604713621040 5.824370090139169 217
1604713621041 5.820967417512647 218
1604713621043 5.816394002127116 219
1604713621044 5.813637762272508 220
1604713621045 5.810096221476789 221
1604713621047 5.807421947393415 222
1604713621048 5.802782266678551 223
1604713621050 5.799657960333455 224
1604713621051 5.797084498219574 225
1604713621053 5.7922544627161825 226
1604713621054 5.789224454417096 227
1604713621056 5.786750978905038 228
1604713621057 5.78346951589228 229
1604713621059 5.7810678153548425 230
1604713621060 5.777307411265863 231
1604713621062 5.77496996814504 232
1604713621063 5.770904737005127 233
1604713621065 5.768193649782165 234
1604713621066 5.765941953562109 235
1604713621068 5.763171308865511 236
1604713621069 5.758254382522965 237
1604713621071 5.756090642469319 238
1604713621072 5.753320785455856 239
1604713621073 5.748540186785239 240
1604713621075 5.74496223230437 241
1604713621076 5.7419552684347295 242
1604713621078 5.739583057904072 243
1604713621079 5.737255375041926 244
1604713621081 5.732371311352124 245
1604713621082 5.7275793177267795 246
1604713621084 5.724705769989571 247
1604713621085 5.720347151400452 248
1604713621087 5.715678892284252 249
1604713621088 5.711439554887009 250
1604713621090 5.707485880494909 251
1604713621091 5.703132410765308 252
1604713621093 5.698885879243714 253
1604713621094 5.6944047429312645 254
1604713621096 5.692270103398044 255
1604713621097 5.688290735074254 256
1604713621098 5.6837672494601446 257
1604713621100 5.681016461357833 258
1604713621101 5.67896188621197 259
1604713621103 5.6751026188600004 260
1604713621104 5.6727356501619495 261
1604713621106 5.668953661867993 262
1604713621107 5.666208824478271 263
1604713621109 5.662478183678203 264
1604713621110 5.658801094096389 265
1604713621112 5.656136666275928 266
1604713621113 5.653985636954544 267
1604713621115 5.649792815181586 268
1604713621116 5.647258164307638 269
1604713621118 5.643693424063684 270
1604713621119 5.640302877378005 271
1604713621121 5.638429443953731 272
1604713621122 5.63494295417157 273
1604713621124 5.63244456520196 274
1604713621125 5.630453898756024 275
1604713621127 5.627075327908533 276
1604713621128 5.623590110298293 277
1604713621130 5.621131805746476 278
1604713621131 5.617548265077612 279
1604713621132 5.6156459153256595 280
1604713621134 5.61163086275726 281
1604713621136 5.609185257199474 282
1604713621137 5.606858350180021 283
1604713621139 5.604509623756436 284
1604713621140 5.601976636693247 285
1604713621142 5.600259301202163 286
1604713621143 5.598422543088114 287
1604713621145 5.596133359278989 288
1604713621146 5.593168406626022 289
1604713621147 5.590855047381521 290
1604713621149 5.589074751592023 291
1604713621151 5.586399818591904 292
1604713621152 5.584224178025985 293
1604713621154 5.580497139809432 294
1604713621155 5.578605348472049 295
1604713621156 5.576608365927986 296
1604713621158 5.574759647872331 297
1604713621159 5.572788036969212 298
1604713621161 5.571089800253504 299
1604713621162 5.569136782055199 300
1604713621164 5.567034744140244 301
1604713621165 5.564635177257296 302
1604713621167 5.562611205960277 303
1604713621169 5.560882700577272 304
1604713621170 5.5589003506348655 305
1604713621172 5.557173430947404 306
1604713621173 5.55520445855335 307
1604713621175 5.552904198047567 308
1604713621176 5.55067326942806 309
1604713621177 5.54886278442237 310
1604713621179 5.546602720146028 311
1604713621180 5.5441290967115835 312
1604713621182 5.542049689527005 313
1604713621183 5.539945894089406 314
1604713621185 5.538524625209036 315
1604713621187 5.536863622427043 316
1604713621188 5.53501448748613 317
1604713621190 5.532855142885709 318
1604713621191 5.530717496712643 319
1604713621193 5.528622911147359 320
1604713621194 5.526900648696848 321
1604713621196 5.524400074145798 322
1604713621197 5.521947618123588 323
1604713621198 5.518700306356025 324
1604713621200 5.516750461876564 325
1604713621202 5.514747556681074 326
1604713621203 5.513485805140521 327
1604713621205 5.511456578697114 328
1604713621206 5.509691200483138 329
1604713621208 5.507260763554204 330
1604713621209 5.504959155344111 331
1604713621211 5.503737576229044 332
1604713621212 5.50210647328526 333
1604713621214 5.500128949173837 334
1604713621215 5.498937311708774 335
1604713621217 5.496863774293963 336
1604713621218 5.493878168331253 337
1604713621220 5.491808767113122 338
1604713621221 5.489152350466721 339
1604713621223 5.487443658888457 340
1604713621224 5.485138948003688 341
1604713621226 5.482804875117391 342
1604713621227 5.481669600540299 343
1604713621229 5.4785865766659585 344
1604713621230 5.476922694948739 345
1604713621231 5.475689740432674 346
1604713621233 5.473061869380042 347
1604713621234 5.471856397943989 348
1604713621236 5.470182734680402 349
1604713621237 5.469083521820701 350
1604713621239 5.467905135458194 351
1604713621240 5.4658881934315415 352
1604713621242 5.464307934625023 353
1604713621243 5.4632377264522525 354
1604713621245 5.462103050306385 355
1604713621246 5.459322506577852 356
1604713621247 5.456655117983197 357
1604713621249 5.45512614408503 358
1604713621250 5.454221370838985 359
1604713621252 5.452693333657111 360
1604713621254 5.449966649585107 361
1604713621255 5.447260893165072 362
1604713621256 5.445308562784356 363
1604713621258 5.4425881096856 364
1604713621259 5.441096188433476 365
1604713621261 5.4391166349232405 366
1604713621262 5.438161667642979 367
1604713621264 5.436220004497154 368
1604713621265 5.435155736992388 369
1604713621270 5.647258164307638 370
