1604713519748 10.171155725539382 0
1604713519750 10.106696558050174 1
1604713519752 10.043118055764662 2
1604713519754 9.980410969090345 3
1604713519757 9.918565624829528 4
1604713519759 9.857573661868267 5
1604713519761 9.79742400169363 6
1604713519763 9.738109942809356 7
1604713519765 9.679618568172332 8
1604713519767 9.621945230225128 9
1604713519769 9.565077226244439 10
1604713519771 9.509009808624466 11
1604713519773 9.453730780461395 12
1604713519775 9.399233448935266 13
1604713519777 9.345505194243911 14
1604713519779 9.29254200898466 15
1604713519781 9.240330392934743 16
1604713519783 9.18864049262504 17
1604713519785 9.13769048435263 18
1604713519787 9.087679612170914 19
1604713519789 9.03817593672407 20
1604713519792 8.989591892672866 21
1604713519794 8.941502612921948 22
1604713519795 8.8941154183156 23
1604713519798 8.847606793976995 24
1604713519799 8.80151661762833 25
1604713519801 8.756352862320378 26
1604713519803 8.711594502320994 27
1604713519805 8.6675615920003 28
1604713519807 8.624287146117304 29
1604713519809 8.581538067034257 30
1604713519811 8.539531679667279 31
1604713519813 8.498150452132627 32
1604713519816 8.45669902017618 33
1604713519818 8.415615026758061 34
1604713519820 8.374515801058353 35
1604713519822 8.334033916862335 36
1604713519824 8.294956052563634 37
1604713519826 8.255648290478891 38
1604713519828 8.216757755435523 39
1604713519830 8.178963356048586 40
1604713519832 8.141663375329312 41
1604713519834 8.105551680297724 42
1604713519836 8.070390595963001 43
1604713519838 8.034988907343397 44
1604713519840 7.9998146136583 45
1604713519842 7.965748189058934 46
1604713519844 7.9316439620862305 47
1604713519846 7.898598619724226 48
1604713519848 7.86574300108001 49
1604713519850 7.834119109715376 50
1604713519852 7.802540300869766 51
1604713519854 7.771205849054742 52
1604713519856 7.740225890910748 53
1604713519858 7.710245981233011 54
1604713519860 7.6799368467431 55
1604713519862 7.650462230127989 56
1604713519864 7.621379886536984 57
1604713519866 7.5931488959479845 58
1604713519868 7.565427118329684 59
1604713519870 7.537794903547803 60
1604713519871 7.51053161524099 61
1604713519873 7.483252421310949 62
1604713519875 7.457169299882654 63
1604713519877 7.431194674341747 64
1604713519879 7.405926805032128 65
1604713519881 7.380778411326413 66
1604713519883 7.355826648973649 67
1604713519885 7.331971364041733 68
1604713519887 7.307798424176567 69
1604713519889 7.284471102345228 70
1604713519891 7.26079771981368 71
1604713519893 7.237875252274982 72
1604713519895 7.2160051581048625 73
1604713519897 7.193686841123685 74
1604713519899 7.172518044442711 75
1604713519901 7.1509696173291415 76
1604713519903 7.129800307922128 77
1604713519905 7.107946724142309 78
1604713519907 7.087156836324835 79
1604713519909 7.065956803729919 80
1604713519911 7.044874151067776 81
1604713519913 7.0250394949065145 82
1604713519915 7.006155876480364 83
1604713519917 6.987024740806152 84
1604713519919 6.967777871919664 85
1604713519921 6.948546867933262 86
1604713519923 6.930340860114891 87
1604713519925 6.913210668281637 88
1604713519927 6.894104693352315 89
1604713519929 6.876438258526363 90
1604713519931 6.858952879154582 91
1604713519933 6.8420004303593 92
1604713519935 6.82592825660081 93
1604713519936 6.808855031600693 94
1604713519938 6.79186831431069 95
1604713519941 6.775576870832291 96
1604713519943 6.759265639313486 97
1604713519945 6.7439559536576255 98
1604713519947 6.729695376376154 99
1604713519948 6.714154464300525 100
1604713519950 6.698798309074276 101
1604713519951 6.684176527422006 102
1604713519953 6.670341395405236 103
1604713519954 6.656335714173133 104
1604713519956 6.642430678088299 105
1604713519957 6.628567900666368 106
1604713519959 6.614847855661238 107
1604713519960 6.601253587008329 108
1604713519962 6.587814821090138 109
1604713519963 6.574815270886463 110
1604713519965 6.561808142110004 111
1604713519966 6.549215266172869 112
1604713519968 6.536777828188906 113
1604713519969 6.523613065086758 114
1604713519971 6.5118842686354865 115
1604713519972 6.499114225775457 116
1604713519974 6.48749765087816 117
1604713519975 6.475966942451226 118
1604713519977 6.463831857136751 119
1604713519978 6.453017230930314 120
1604713519979 6.441278546905293 121
1604713519981 6.430555538303613 122
1604713519983 6.419136263385596 123
1604713519984 6.409022706527667 124
1604713519985 6.398770641821382 125
1604713519987 6.388885108245506 126
1604713519988 6.378180430983555 127
1604713519990 6.368695247652384 128
1604713519991 6.35827965545761 129
1604713519993 6.348832696371318 130
1604713519995 6.339796320040699 131
1604713519997 6.330922317404485 132
1604713519998 6.321618087775479 133
1604713520000 6.31288238721122 134
1604713520001 6.303898295783952 135
1604713520003 6.29533113009977 136
1604713520005 6.286604473957679 137
1604713520007 6.278278762653575 138
1604713520008 6.269841037586437 139
1604713520009 6.262022817273399 140
1604713520011 6.252993396621894 141
1604713520012 6.245521862394275 142
1604713520014 6.2380228324794444 143
1604713520015 6.229723577136318 144
1604713520017 6.222430838921071 145
1604713520018 6.21507256612735 146
1604713520019 6.207132362081509 147
1604713520021 6.200176746803087 148
1604713520022 6.193155656869945 149
1604713520024 6.185501326656622 150
1604713520025 6.178765077619873 151
1604713520027 6.171359377120006 152
1604713520028 6.164355707821354 153
1604713520029 6.15790877644162 154
1604713520031 6.151598721635192 155
1604713520032 6.144622891975882 156
1604713520034 6.138072965885431 157
1604713520035 6.132247211578178 158
1604713520037 6.125843789656515 159
1604713520038 6.119197123640184 160
1604713520040 6.112993501881575 161
1604713520041 6.107188780872229 162
1604713520042 6.100824739363746 163
1604713520044 6.095238676031793 164
1604713520045 6.089381677890329 165
1604713520047 6.083196255427512 166
1604713520048 6.077005886446518 167
1604713520050 6.071751272075889 168
1604713520051 6.065902940682025 169
1604713520052 6.060434910466136 170
1604713520054 6.055333794830631 171
1604713520055 6.0496080502038465 172
1604713520057 6.043988068878063 173
1604713520058 6.038811890338094 174
1604713520060 6.033995707628758 175
1604713520061 6.028561580587617 176
1604713520062 6.022840701232244 177
1604713520064 6.018294554241142 178
1604713520065 6.013451111818025 179
1604713520067 6.0083264465592245 180
1604713520068 6.003227144459043 181
1604713520069 5.998524567638228 182
1604713520071 5.993309626802928 183
1604713520072 5.988100880538551 184
1604713520074 5.983915777414926 185
1604713520075 5.97893632884775 186
1604713520077 5.974932246739045 187
1604713520078 5.970097609104017 188
1604713520079 5.965829562669889 189
1604713520081 5.9610332034278795 190
1604713520082 5.956416899573446 191
1604713520084 5.952632609283504 192
1604713520085 5.948333121675147 193
1604713520086 5.944403663087792 194
1604713520088 5.940555394856872 195
1604713520089 5.936431037238142 196
1604713520091 5.932513940997007 197
1604713520092 5.9290316715386515 198
1604713520094 5.92510724925576 199
1604713520095 5.921193097478965 200
1604713520096 5.9175890189584335 201
1604713520098 5.913775066209584 202
1604713520099 5.910562239410671 203
1604713520101 5.907423113732055 204
1604713520102 5.904023559303504 205
1604713520104 5.900646511285354 206
1604713520105 5.897639703426115 207
1604713520108 5.89437737067597 208
1604713520109 5.891176505510346 209
1604713520111 5.88769908840905 210
1604713520113 5.884077407933197 211
1604713520114 5.880077270350648 212
1604713520116 5.876805530934673 213
1604713520117 5.872261241748808 214
1604713520119 5.867771081201665 215
1604713520120 5.863390138002986 216
1604713520122 5.859061587707688 217
1604713520123 5.854829366510222 218
1604713520125 5.850654337607203 219
1604713520126 5.846569565860969 220
1604713520127 5.84272626460427 221
1604713520129 5.838739748855011 222
1604713520130 5.835010474455773 223
1604713520132 5.831126185204612 224
1604713520133 5.827547258801094 225
1604713520135 5.823876620679338 226
1604713520136 5.820414929141325 227
1604713520138 5.816578540392036 228
1604713520139 5.81320995628968 229
1604713520140 5.809873477570527 230
1604713520142 5.80604796746006 231
1604713520143 5.8027414081385436 232
1604713520145 5.799547116593386 233
1604713520146 5.795936440713162 234
1604713520147 5.792740600704982 235
1604713520149 5.789099698243321 236
1604713520150 5.786038451931504 237
1604713520152 5.782954351281356 238
1604713520153 5.7791873301122365 239
1604713520155 5.776230932685953 240
1604713520156 5.7732491545585525 241
1604713520157 5.7701174795375225 242
1604713520159 5.767341918799 243
1604713520160 5.763997374488873 244
1604713520162 5.761064878194119 245
1604713520163 5.758390436327237 246
1604713520164 5.754900889605999 247
1604713520166 5.752063406736119 248
1604713520167 5.749425675249185 249
1604713520169 5.746175024778832 250
1604713520170 5.743651410748149 251
1604713520172 5.7405973900504526 252
1604713520173 5.737349536805457 253
1604713520175 5.734854833991469 254
1604713520176 5.731742904473584 255
1604713520177 5.729357250779215 256
1604713520179 5.726131060417776 257
1604713520180 5.723211400622883 258
1604713520182 5.72089243075833 259
1604713520183 5.71809843415792 260
1604713520185 5.71512506060907 261
1604713520186 5.712220462512393 262
1604713520188 5.709252046478501 263
1604713520189 5.706216670767145 264
1604713520191 5.703775920246441 265
1604713520192 5.700761855413766 266
1604713520193 5.696404326509942 267
1604713520195 5.69404337465124 268
1604713520196 5.691145985508045 269
1604713520198 5.68833527028749 270
1604713520199 5.6857915082977835 271
1604713520200 5.683598287013599 272
1604713520202 5.6808856953397555 273
1604713520203 5.676889899250542 274
1604713520205 5.6746187521908675 275
1604713520206 5.6722521843425575 276
1604713520208 5.668176156261849 277
1604713520209 5.665761674597174 278
1604713520210 5.661892437442454 279
1604713520213 5.659745017281383 280
1604713520214 5.655964841026191 281
1604713520216 5.653189831551234 282
1604713520218 5.650659446966081 283
1604713520220 5.6479465995981855 284
1604713520222 5.644081489036575 285
1604713520223 5.6414303313436625 286
1604713520225 5.637610208077182 287
1604713520226 5.635454996564645 288
1604713520227 5.632476716438404 289
1604713520229 5.628594483969441 290
1604713520230 5.626653266182542 291
1604713520232 5.624404363451607 292
1604713520233 5.622146456725486 293
1604713520235 5.619851425732501 294
1604713520236 5.616157030752418 295
1604713520238 5.614007554419066 296
1604713520239 5.610393786019158 297
1604713520240 5.60721192659539 298
1604713520242 5.6054359607911435 299
1604713520243 5.601727306267411 300
1604713520245 5.599915086516731 301
1604713520246 5.597708449356971 302
1604713520247 5.594083938176255 303
1604713520249 5.592266226712956 304
1604713520250 5.5890079083204975 305
1604713520252 5.585578676542906 306
1604713520253 5.582651796308474 307
1604713520255 5.580612112372784 308
1604713520256 5.578464782658551 309
1604713520257 5.575285866421342 310
1604713520259 5.5720989952350255 311
1604713520260 5.570391542660367 312
1604713520262 5.567474105312362 313
1604713520263 5.564491658755572 314
1604713520265 5.561691326224967 315
1604713520266 5.558488479697521 316
1604713520267 5.555672864841326 317
1604713520269 5.552880739294621 318
1604713520270 5.5506971768271685 319
1604713520272 5.547961095761549 320
1604713520273 5.544947922943781 321
1604713520275 5.542805163726954 322
1604713520276 5.540423929687423 323
1604713520277 5.537500279115587 324
1604713520279 5.534965838226266 325
1604713520280 5.533264490853988 326
1604713520282 5.531283288808317 327
1604713520283 5.52887321322264 328
1604713520284 5.526474137534726 329
1604713520286 5.524115094117158 330
1604713520288 5.5211295052881315 331
1604713520289 5.5190228495217335 332
1604713520290 5.5168921328027185 333
1604713520292 5.513759599936119 334
1604713520293 5.512059464897533 335
1604713520295 5.509766534276026 336
1604713520296 5.506193639798682 337
1604713520298 5.503654152066906 338
1604713520299 5.501889455664708 339
1604713520300 5.4995077790564695 340
1604713520302 5.4969282228308805 341
1604713520303 5.495075872951753 342
1604713520305 5.492802348690663 343
1604713520306 5.490850357168555 344
1604713520308 5.488334801089955 345
1604713520309 5.48639869348004 346
1604713520311 5.483674908958138 347
1604713520312 5.481400159289385 348
1604713520314 5.479861929994883 349
1604713520315 5.477405670080229 350
1604713520316 5.474751146826977 351
1604713520318 5.47194898693409 352
1604713520319 5.469512817122351 353
1604713520321 5.467662319254936 354
1604713520322 5.465120717027881 355
1604713520324 5.462411800121591 356
1604713520328 5.729357250779215 357
