1604713831246 10.206201614809675 0
1604713831248 10.141891674036657 1
1604713831250 10.078462371070193 2
1604713831253 10.014835021622432 3
1604713831255 9.952074944374406 4
1604713831257 9.890175950459952 5
1604713831259 9.829806954322944 6
1604713831261 9.769584629345982 7
1604713831263 9.710869612621568 8
1604713831265 9.652262497467527 9
1604713831267 9.595142285874518 10
1604713831269 9.538138051104864 11
1604713831271 9.482600443235421 12
1604713831273 9.427847220592726 13
1604713831275 9.373179278431776 14
1604713831277 9.319957544512706 15
1604713831279 9.26680904737298 16
1604713831281 9.215087357206736 17
1604713831283 9.16410653651185 18
1604713831285 9.113244150652054 19
1604713831287 9.063710707309879 20
1604713831289 9.01474798777682 21
1604713831291 8.966021878799271 22
1604713831293 8.918595861680945 23
1604713831295 8.871720802684974 24
1604713831297 8.82497563504336 25
1604713831299 8.77947761081517 26
1604713831301 8.733770298552878 27
1604713831304 8.688738816060457 28
1604713831306 8.644742364784326 29
1604713831308 8.60183158589101 30
1604713831310 8.559187088307896 31
1604713831312 8.516518101210748 32
1604713831314 8.474466136506743 33
1604713831316 8.432615104223077 34
1604713831318 8.391800770532857 35
1604713831320 8.35168690883439 36
1604713831322 8.311230369445322 37
1604713831324 8.271874553216076 38
1604713831326 8.232940983949067 39
1604713831328 8.195158984875706 40
1604713831330 8.157855842162268 41
1604713831332 8.120378380665604 42
1604713831334 8.083819277958158 43
1604713831336 8.048259831730249 44
1604713831338 8.013140890963083 45
1604713831340 7.9777772298917435 46
1604713831342 7.943800210381433 47
1604713831344 7.909776139253814 48
1604713831346 7.877189144661027 49
1604713831348 7.843856092636046 50
1604713831350 7.8118907406405595 51
1604713831352 7.77955465809199 52
1604713831355 7.747820632631212 53
1604713831357 7.717363560470818 54
1604713831359 7.68648799765341 55
1604713831361 7.657158824953345 56
1604713831363 7.6272168848910455 57
1604713831365 7.598525678127036 58
1604713831367 7.569496699801755 59
1604713831369 7.541831820680632 60
1604713831371 7.513709758255608 61
1604713831373 7.485710996003229 62
1604713831375 7.459378738545556 63
1604713831377 7.432592703269212 64
1604713831379 7.40617845710272 65
1604713831381 7.380923968280646 66
1604713831383 7.355198754366513 67
1604713831385 7.329986256607719 68
1604713831387 7.3052117743414735 69
1604713831389 7.2806632965352795 70
1604713831391 7.257434843043889 71
1604713831393 7.233643510640139 72
1604713831395 7.210342978630777 73
1604713831397 7.18730120214436 74
1604713831399 7.1647023777243675 75
1604713831401 7.1430274810466 76
1604713831403 7.121045822032864 77
1604713831405 7.099515576950831 78
1604713831407 7.078243789817387 79
1604713831409 7.058105858526811 80
1604713831411 7.037485533651624 81
1604713831413 7.017304648213651 82
1604713831415 6.997377024693217 83
1604713831417 6.97778868987008 84
1604713831419 6.958476406805738 85
1604713831421 6.939476542159449 86
1604713831423 6.9208435503837995 87
1604713831425 6.902472287871762 88
1604713831427 6.884151188110161 89
1604713831429 6.866391583736158 90
1604713831431 6.848781749307306 91
1604713831433 6.831903256833789 92
1604713831435 6.814728322985062 93
1604713831438 6.7981436650707305 94
1604713831440 6.781530612421829 95
1604713831442 6.765336527462871 96
1604713831443 6.749586017910477 97
1604713831445 6.733728947583682 98
1604713831446 6.718398080429149 99
1604713831448 6.702903538666533 100
1604713831449 6.688329718548906 101
1604713831450 6.673876941075705 102
1604713831452 6.659200598466391 103
1604713831454 6.644962030926889 104
1604713831455 6.630654319112696 105
1604713831456 6.616210947587149 106
1604713831458 6.60251322579454 107
1604713831459 6.588445396405198 108
1604713831461 6.574906831977751 109
1604713831462 6.5617004114354165 110
1604713831463 6.548730127152332 111
1604713831465 6.535499618077553 112
1604713831466 6.522963739831131 113
1604713831468 6.510169305713135 114
1604713831470 6.49805557004934 115
1604713831471 6.486569163142972 116
1604713831472 6.474588861360609 117
1604713831474 6.463166201888715 118
1604713831475 6.451927871926346 119
1604713831477 6.440497273960464 120
1604713831478 6.4296367104389205 121
1604713831479 6.41834605151143 122
1604713831481 6.407844108614242 123
1604713831482 6.396628721117957 124
1604713831484 6.386569083437762 125
1604713831485 6.376174823977457 126
1604713831487 6.365457169186043 127
1604713831488 6.356095913272859 128
1604713831490 6.345847636600674 129
1604713831491 6.336593075730824 130
1604713831493 6.326876466323418 131
1604713831494 6.31691089490205 132
1604713831496 6.307282897501553 133
1604713831497 6.298800302092747 134
1604713831498 6.289304927109445 135
1604713831500 6.2802252574922734 136
1604713831501 6.271878338301541 137
1604713831503 6.263136981237863 138
1604713831504 6.255335977878618 139
1604713831506 6.247269917852283 140
1604713831507 6.238936444251379 141
1604713831509 6.230298754510014 142
1604713831510 6.222149312225771 143
1604713831512 6.213809753708561 144
1604713831513 6.206486692020825 145
1604713831514 6.1990533812177535 146
1604713831516 6.192212659387564 147
1604713831517 6.184361646015281 148
1604713831519 6.177298597981226 149
1604713831520 6.170352684261161 150
1604713831522 6.163417966526632 151
1604713831523 6.157141979159957 152
1604713831525 6.150239676583806 153
1604713831526 6.143731523069367 154
1604713831527 6.1372440656743255 155
1604713831529 6.131105305668978 156
1604713831530 6.125330337709362 157
1604713831532 6.119240228671189 158
1604713831533 6.113200632491569 159
1604713831535 6.105563721329098 160
1604713831536 6.098069437782887 161
1604713831538 6.091423771255793 162
1604713831539 6.085780865707055 163
1604713831540 6.079116863893991 164
1604713831542 6.07200387988907 165
1604713831543 6.065777490505807 166
1604713831545 6.060407534435349 167
1604713831546 6.054142596745764 168
1604713831548 6.0468326197625615 169
1604713831549 6.040680109885767 170
1604713831550 6.033574888957982 171
1604713831552 6.02761538779334 172
1604713831553 6.0228208606293645 173
1604713831555 6.017055573328327 174
1604713831556 6.012419403867875 175
1604713831558 6.00680906495186 176
1604713831559 6.002375460063806 177
1604713831561 5.996353118017993 178
1604713831562 5.991993694084106 179
1604713831564 5.986621775806011 180
1604713831565 5.982405877800021 181
1604713831566 5.977012160216642 182
1604713831568 5.970630507460573 183
1604713831569 5.966600981624164 184
1604713831571 5.9614193324511 185
1604713831572 5.955062838850491 186
1604713831574 5.950039502558648 187
1604713831575 5.946240754523685 188
1604713831577 5.94136362724373 189
1604713831578 5.935456943188076 190
1604713831579 5.930592983865528 191
1604713831581 5.924582175080348 192
1604713831582 5.919795488586423 193
1604713831584 5.916304856458865 194
1604713831585 5.911413812793327 195
1604713831587 5.906508203427187 196
1604713831588 5.903168247912667 197
1604713831590 5.898382251619625 198
1604713831591 5.894306916992179 199
1604713831593 5.8897166040750975 200
1604713831594 5.885199096675736 201
1604713831595 5.882054968809055 202
1604713831597 5.877625013172582 203
1604713831598 5.873796817998597 204
1604713831600 5.8695026771849745 205
1604713831601 5.86585605906758 206
1604713831603 5.8623120349041935 207
1604713831604 5.8580804126152 208
1604713831606 5.854547810521405 209
1604713831607 5.850375568832119 210
1604713831608 5.846913486100993 211
1604713831610 5.843542111944657 212
1604713831611 5.838764788303529 213
1604713831613 5.8354577565140575 214
1604713831614 5.831930829022618 215
1604713831616 5.828628295660618 216
1604713831617 5.824370090139169 217
1604713831618 5.820967417512647 218
1604713831620 5.816394002127116 219
1604713831621 5.813637762272507 220
1604713831623 5.810096221476789 221
1604713831624 5.807421947393416 222
1604713831626 5.80278226667855 223
1604713831627 5.799657960333455 224
1604713831629 5.797084498219574 225
1604713831630 5.792254462716182 226
1604713831631 5.789224454417096 227
1604713831633 5.786750978905038 228
1604713831634 5.78346951589228 229
1604713831636 5.781067815354843 230
1604713831637 5.777307411265862 231
1604713831639 5.774969968145039 232
1604713831640 5.770904737005127 233
1604713831642 5.768193649782166 234
1604713831643 5.765941953562108 235
1604713831645 5.763171308865511 236
1604713831646 5.758254382522966 237
1604713831647 5.756090642469318 238
1604713831649 5.753320785455856 239
1604713831650 5.748540186785239 240
1604713831652 5.7449622323043705 241
1604713831653 5.74195526843473 242
1604713831655 5.739583057904072 243
1604713831656 5.737255375041926 244
1604713831658 5.732371311352124 245
1604713831659 5.727579317726779 246
1604713831660 5.724705769989571 247
1604713831662 5.720347151400452 248
1604713831663 5.715678892284252 249
1604713831665 5.711439554887009 250
1604713831666 5.707485880494909 251
1604713831668 5.703132410765308 252
1604713831669 5.698885879243713 253
1604713831671 5.6944047429312645 254
1604713831672 5.6922701033980445 255
1604713831673 5.688290735074253 256
1604713831675 5.6837672494601446 257
1604713831676 5.6810164613578324 258
1604713831678 5.67896188621197 259
1604713831679 5.6751026188600004 260
1604713831681 5.6727356501619495 261
1604713831682 5.668953661867993 262
1604713831683 5.666208824478272 263
1604713831685 5.6624781836782025 264
1604713831686 5.658801094096389 265
1604713831688 5.656136666275929 266
1604713831689 5.653985636954544 267
1604713831691 5.649792815181585 268
1604713831692 5.647258164307637 269
1604713831694 5.6436934240636845 270
1604713831695 5.640302877378005 271
1604713831696 5.638429443953731 272
1604713831698 5.634942954171571 273
1604713831699 5.63244456520196 274
1604713831701 5.630453898756025 275
1604713831702 5.627075327908533 276
1604713831704 5.623590110298294 277
1604713831705 5.621131805746476 278
1604713831707 5.617548265077612 279
1604713831708 5.6156459153256595 280
1604713831710 5.61163086275726 281
1604713831711 5.609185257199474 282
1604713831713 5.606858350180021 283
1604713831714 5.604509623756436 284
1604713831716 5.601976636693247 285
1604713831717 5.600259301202163 286
1604713831719 5.598422543088114 287
1604713831720 5.596133359278989 288
1604713831721 5.593168406626022 289
1604713831723 5.590855047381521 290
1604713831724 5.589074751592023 291
1604713831726 5.586399818591904 292
1604713831727 5.584224178025985 293
1604713831729 5.580497139809432 294
1604713831730 5.578605348472049 295
1604713831732 5.576608365927986 296
1604713831733 5.574759647872331 297
1604713831734 5.572788036969212 298
1604713831736 5.571089800253504 299
1604713831737 5.569136782055199 300
1604713831739 5.567034744140244 301
1604713831740 5.564635177257295 302
1604713831742 5.562611205960277 303
1604713831743 5.560882700577272 304
1604713831745 5.558900350634865 305
1604713831746 5.557173430947404 306
1604713831747 5.55520445855335 307
1604713831749 5.552904198047567 308
1604713831750 5.55067326942806 309
1604713831752 5.5488627844223695 310
1604713831753 5.546602720146028 311
1604713831755 5.544129096711584 312
1604713831756 5.542049689527005 313
1604713831758 5.539945894089406 314
1604713831759 5.538524625209035 315
1604713831760 5.536863622427043 316
1604713831762 5.535014487486131 317
1604713831763 5.532855142885709 318
1604713831765 5.530717496712643 319
1604713831766 5.528622911147359 320
1604713831768 5.526900648696848 321
1604713831769 5.524400074145798 322
1604713831771 5.521947618123588 323
1604713831772 5.518700306356025 324
1604713831773 5.516750461876564 325
1604713831775 5.514747556681074 326
1604713831776 5.51348580514052 327
1604713831778 5.511456578697113 328
1604713831779 5.509691200483138 329
1604713831781 5.5072607635542035 330
1604713831782 5.504959155344111 331
1604713831783 5.503737576229044 332
1604713831785 5.50210647328526 333
1604713831786 5.500128949173837 334
1604713831788 5.498937311708774 335
1604713831789 5.496863774293962 336
1604713831791 5.493878168331254 337
1604713831792 5.491808767113122 338
1604713831793 5.489152350466721 339
1604713831795 5.4874436588884565 340
1604713831796 5.485138948003688 341
1604713831798 5.48280487511739 342
1604713831799 5.4816696005403 343
1604713831801 5.4785865766659585 344
1604713831802 5.476922694948739 345
1604713831804 5.475689740432675 346
1604713831805 5.473061869380042 347
1604713831806 5.471856397943989 348
1604713831808 5.470182734680403 349
1604713831809 5.469083521820701 350
1604713831811 5.467905135458194 351
1604713831812 5.4658881934315415 352
1604713831814 5.464307934625023 353
1604713831815 5.4632377264522525 354
1604713831816 5.462103050306385 355
1604713831818 5.459322506577853 356
1604713831819 5.456655117983197 357
1604713831821 5.45512614408503 358
1604713831822 5.454221370838985 359
1604713831824 5.452693333657111 360
1604713831825 5.449966649585107 361
1604713831826 5.447260893165071 362
1604713831828 5.445308562784356 363
1604713831829 5.442588109685602 364
1604713831831 5.441096188433475 365
1604713831832 5.4391166349232405 366
1604713831834 5.438161667642979 367
1604713831835 5.436220004497155 368
1604713831837 5.435155736992388 369
1604713831841 5.647258164307637 370
