1604713837171 10.171155725539384 0
1604713837174 10.106696558050174 1
1604713837176 10.043118055764662 2
1604713837177 9.980410969090345 3
1604713837180 9.918565624829528 4
1604713837182 9.857573661868265 5
1604713837184 9.79742400169363 6
1604713837185 9.738109942809356 7
1604713837187 9.679618568172332 8
1604713837189 9.621945230225128 9
1604713837192 9.56507722624444 10
1604713837193 9.509009808624466 11
1604713837195 9.453730780461395 12
1604713837197 9.399233448935266 13
1604713837199 9.345505194243911 14
1604713837201 9.29254200898466 15
1604713837203 9.240330392934744 16
1604713837205 9.18864049262504 17
1604713837208 9.13769048435263 18
1604713837210 9.087679612170916 19
1604713837212 9.03817593672407 20
1604713837213 8.989591892672864 21
1604713837215 8.941502612921948 22
1604713837217 8.8941154183156 23
1604713837219 8.847606793976997 24
1604713837221 8.80151661762833 25
1604713837224 8.756352862320378 26
1604713837226 8.711594502320994 27
1604713837228 8.667561592000299 28
1604713837230 8.624287146117302 29
1604713837232 8.581538067034257 30
1604713837234 8.539531679667279 31
1604713837236 8.498150452132627 32
1604713837238 8.45669902017618 33
1604713837240 8.415615026758061 34
1604713837242 8.374515801058353 35
1604713837244 8.334033916862337 36
1604713837246 8.294956052563634 37
1604713837248 8.255648290478891 38
1604713837250 8.216757755435523 39
1604713837252 8.178963356048586 40
1604713837254 8.141663375329312 41
1604713837256 8.105551680297726 42
1604713837258 8.070390595963001 43
1604713837260 8.034988907343397 44
1604713837262 7.9998146136583 45
1604713837264 7.965748189058934 46
1604713837266 7.93164396208623 47
1604713837268 7.898598619724226 48
1604713837270 7.86574300108001 49
1604713837272 7.834119109715375 50
1604713837274 7.802540300869767 51
1604713837276 7.771205849054742 52
1604713837278 7.740225890910748 53
1604713837280 7.710245981233011 54
1604713837282 7.679936846743101 55
1604713837284 7.650462230127989 56
1604713837286 7.6213798865369835 57
1604713837288 7.593148895947985 58
1604713837290 7.565427118329685 59
1604713837292 7.537794903547803 60
1604713837294 7.51053161524099 61
1604713837296 7.48325242131095 62
1604713837298 7.457169299882653 63
1604713837300 7.4311946743417465 64
1604713837302 7.405926805032127 65
1604713837304 7.380778411326413 66
1604713837306 7.355826648973649 67
1604713837308 7.331971364041732 68
1604713837310 7.307798424176567 69
1604713837312 7.284471102345228 70
1604713837314 7.260797719813681 71
1604713837316 7.237875252274982 72
1604713837318 7.216005158104864 73
1604713837320 7.193686841123685 74
1604713837322 7.172518044442711 75
1604713837324 7.150969617329142 76
1604713837326 7.129800307922128 77
1604713837328 7.107946724142309 78
1604713837330 7.087156836324835 79
1604713837332 7.065956803729919 80
1604713837334 7.044874151067776 81
1604713837336 7.0250394949065145 82
1604713837338 7.006155876480364 83
1604713837340 6.987024740806152 84
1604713837342 6.967777871919665 85
1604713837344 6.9485468679332625 86
1604713837346 6.930340860114891 87
1604713837348 6.913210668281637 88
1604713837350 6.894104693352315 89
1604713837352 6.876438258526363 90
1604713837354 6.858952879154582 91
1604713837356 6.842000430359301 92
1604713837358 6.825928256600811 93
1604713837360 6.808855031600693 94
1604713837362 6.79186831431069 95
1604713837364 6.775576870832291 96
1604713837367 6.759265639313485 97
1604713837368 6.7439559536576255 98
1604713837370 6.729695376376153 99
1604713837371 6.714154464300525 100
1604713837373 6.698798309074276 101
1604713837375 6.684176527422006 102
1604713837376 6.670341395405236 103
1604713837377 6.656335714173133 104
1604713837379 6.6424306780882985 105
1604713837380 6.628567900666367 106
1604713837382 6.614847855661238 107
1604713837383 6.601253587008329 108
1604713837385 6.587814821090137 109
1604713837386 6.574815270886464 110
1604713837388 6.561808142110005 111
1604713837389 6.549215266172868 112
1604713837391 6.536777828188906 113
1604713837392 6.523613065086759 114
1604713837394 6.5118842686354865 115
1604713837395 6.499114225775457 116
1604713837397 6.4874976508781605 117
1604713837398 6.475966942451227 118
1604713837399 6.46383185713675 119
1604713837401 6.453017230930314 120
1604713837402 6.441278546905293 121
1604713837404 6.430555538303613 122
1604713837405 6.419136263385595 123
1604713837407 6.409022706527667 124
1604713837408 6.398770641821382 125
1604713837410 6.388885108245507 126
1604713837411 6.378180430983555 127
1604713837412 6.368695247652384 128
1604713837414 6.358279655457609 129
1604713837415 6.348832696371317 130
1604713837417 6.3397963200406995 131
1604713837418 6.330922317404486 132
1604713837420 6.32161808777548 133
1604713837421 6.31288238721122 134
1604713837422 6.303898295783952 135
1604713837424 6.295331130099771 136
1604713837425 6.286604473957679 137
1604713837427 6.278278762653576 138
1604713837428 6.2698410375864375 139
1604713837430 6.262022817273399 140
1604713837431 6.252993396621894 141
1604713837432 6.245521862394276 142
1604713837434 6.2380228324794444 143
1604713837435 6.229723577136319 144
1604713837437 6.222430838921071 145
1604713837438 6.21507256612735 146
1604713837440 6.207132362081509 147
1604713837441 6.200176746803087 148
1604713837443 6.193155656869945 149
1604713837444 6.185501326656622 150
1604713837445 6.178765077619873 151
1604713837447 6.171359377120006 152
1604713837448 6.164355707821354 153
1604713837450 6.15790877644162 154
1604713837451 6.151598721635193 155
1604713837452 6.1446228919758825 156
1604713837454 6.138072965885431 157
1604713837455 6.132247211578178 158
1604713837457 6.125843789656515 159
1604713837459 6.119197123640184 160
1604713837460 6.112993501881575 161
1604713837461 6.107188780872229 162
1604713837463 6.100824739363746 163
1604713837464 6.095238676031793 164
1604713837466 6.089381677890329 165
1604713837467 6.083196255427512 166
1604713837468 6.077005886446518 167
1604713837470 6.071751272075889 168
1604713837471 6.065902940682025 169
1604713837473 6.060434910466135 170
1604713837474 6.055333794830629 171
1604713837476 6.0496080502038465 172
1604713837477 6.043988068878063 173
1604713837479 6.038811890338092 174
1604713837480 6.033995707628758 175
1604713837481 6.028561580587618 176
1604713837483 6.022840701232244 177
1604713837484 6.018294554241142 178
1604713837486 6.013451111818025 179
1604713837487 6.0083264465592245 180
1604713837489 6.003227144459044 181
1604713837490 5.998524567638228 182
1604713837492 5.993309626802928 183
1604713837493 5.988100880538551 184
1604713837494 5.983915777414926 185
1604713837496 5.978936328847751 186
1604713837497 5.974932246739045 187
1604713837499 5.970097609104017 188
1604713837500 5.965829562669889 189
1604713837502 5.96103320342788 190
1604713837503 5.956416899573447 191
1604713837505 5.952632609283504 192
1604713837506 5.948333121675147 193
1604713837508 5.944403663087792 194
1604713837509 5.9405553948568715 195
1604713837510 5.936431037238144 196
1604713837512 5.932513940997008 197
1604713837513 5.9290316715386515 198
1604713837515 5.92510724925576 199
1604713837516 5.921193097478966 200
1604713837518 5.9175890189584335 201
1604713837519 5.913775066209584 202
1604713837520 5.910562239410671 203
1604713837522 5.907423113732055 204
1604713837523 5.9040235593035035 205
1604713837525 5.900646511285354 206
1604713837526 5.897639703426115 207
1604713837528 5.89437737067597 208
1604713837529 5.891176505510346 209
1604713837531 5.887699088409051 210
1604713837532 5.884077407933197 211
1604713837534 5.880077270350647 212
1604713837535 5.876805530934673 213
1604713837536 5.872261241748808 214
1604713837538 5.867771081201665 215
1604713837539 5.863390138002985 216
1604713837541 5.859061587707688 217
1604713837542 5.854829366510222 218
1604713837544 5.850654337607203 219
1604713837545 5.846569565860969 220
1604713837547 5.84272626460427 221
1604713837548 5.83873974885501 222
1604713837550 5.835010474455773 223
1604713837551 5.831126185204612 224
1604713837553 5.827547258801095 225
1604713837554 5.823876620679338 226
1604713837555 5.820414929141325 227
1604713837557 5.816578540392036 228
1604713837558 5.81320995628968 229
1604713837560 5.809873477570527 230
1604713837561 5.80604796746006 231
1604713837563 5.8027414081385436 232
1604713837564 5.799547116593386 233
1604713837566 5.795936440713162 234
1604713837567 5.792740600704982 235
1604713837569 5.789099698243321 236
1604713837570 5.786038451931504 237
1604713837571 5.782954351281356 238
1604713837573 5.7791873301122365 239
1604713837574 5.776230932685953 240
1604713837576 5.7732491545585525 241
1604713837577 5.7701174795375225 242
1604713837579 5.767341918799 243
1604713837580 5.763997374488873 244
1604713837582 5.76106487819412 245
1604713837583 5.758390436327236 246
1604713837585 5.754900889606 247
1604713837586 5.752063406736119 248
1604713837587 5.749425675249185 249
1604713837589 5.746175024778832 250
1604713837590 5.743651410748148 251
1604713837592 5.740597390050452 252
1604713837593 5.737349536805456 253
1604713837595 5.73485483399147 254
1604713837596 5.731742904473584 255
1604713837598 5.729357250779215 256
1604713837599 5.726131060417774 257
1604713837601 5.723211400622883 258
1604713837602 5.72089243075833 259
1604713837603 5.71809843415792 260
1604713837605 5.71512506060907 261
1604713837606 5.712220462512392 262
1604713837608 5.709252046478501 263
1604713837609 5.706216670767146 264
1604713837611 5.703775920246441 265
1604713837612 5.700761855413766 266
1604713837614 5.696404326509942 267
1604713837615 5.694043374651241 268
1604713837616 5.691145985508045 269
1604713837618 5.68833527028749 270
1604713837619 5.6857915082977835 271
1604713837621 5.683598287013599 272
1604713837622 5.6808856953397555 273
1604713837624 5.676889899250541 274
1604713837625 5.6746187521908675 275
1604713837627 5.6722521843425575 276
1604713837628 5.668176156261849 277
1604713837630 5.665761674597174 278
1604713837631 5.661892437442454 279
1604713837632 5.659745017281383 280
1604713837634 5.655964841026191 281
1604713837635 5.6531898315512334 282
1604713837637 5.650659446966081 283
1604713837638 5.6479465995981855 284
1604713837640 5.644081489036574 285
1604713837641 5.6414303313436625 286
1604713837643 5.637610208077182 287
1604713837644 5.635454996564645 288
1604713837646 5.632476716438403 289
1604713837647 5.628594483969442 290
1604713837648 5.626653266182542 291
1604713837650 5.624404363451607 292
1604713837651 5.622146456725487 293
1604713837653 5.619851425732501 294
1604713837654 5.616157030752418 295
1604713837656 5.614007554419066 296
1604713837657 5.610393786019158 297
1604713837659 5.60721192659539 298
1604713837660 5.6054359607911435 299
1604713837661 5.601727306267412 300
1604713837663 5.599915086516731 301
1604713837664 5.597708449356971 302
1604713837666 5.594083938176255 303
1604713837667 5.592266226712956 304
1604713837669 5.5890079083204975 305
1604713837670 5.585578676542905 306
1604713837672 5.582651796308474 307
1604713837673 5.580612112372784 308
1604713837675 5.578464782658551 309
1604713837676 5.575285866421343 310
1604713837677 5.5720989952350255 311
1604713837679 5.570391542660367 312
1604713837680 5.567474105312363 313
1604713837682 5.564491658755572 314
1604713837683 5.561691326224967 315
1604713837685 5.558488479697521 316
1604713837686 5.555672864841326 317
1604713837687 5.552880739294621 318
1604713837689 5.5506971768271685 319
1604713837690 5.547961095761549 320
1604713837692 5.54494792294378 321
1604713837693 5.542805163726955 322
1604713837695 5.540423929687423 323
1604713837696 5.537500279115587 324
1604713837698 5.534965838226266 325
1604713837699 5.5332644908539885 326
1604713837701 5.531283288808317 327
1604713837702 5.52887321322264 328
1604713837704 5.526474137534726 329
1604713837705 5.524115094117158 330
1604713837706 5.5211295052881315 331
1604713837708 5.5190228495217335 332
1604713837709 5.516892132802719 333
1604713837711 5.513759599936119 334
1604713837712 5.512059464897533 335
1604713837714 5.509766534276026 336
1604713837715 5.506193639798683 337
1604713837717 5.503654152066905 338
1604713837718 5.501889455664708 339
1604713837720 5.4995077790564695 340
1604713837721 5.4969282228308805 341
1604713837722 5.495075872951753 342
1604713837724 5.492802348690664 343
1604713837725 5.490850357168556 344
1604713837727 5.488334801089954 345
1604713837728 5.48639869348004 346
1604713837730 5.483674908958138 347
1604713837731 5.481400159289385 348
1604713837733 5.479861929994884 349
1604713837734 5.47740567008023 350
1604713837736 5.474751146826978 351
1604713837737 5.47194898693409 352
1604713837738 5.469512817122352 353
1604713837740 5.467662319254936 354
1604713837742 5.465120717027882 355
1604713837743 5.462411800121591 356
1604713837748 5.729357250779215 357
