1604713517608 10.253051569786606 0
1604713517610 10.186958233714963 1
1604713517612 10.121858319670428 2
1604713517614 10.057644477624912 3
1604713517616 9.994343917768509 4
1604713517618 9.931755603035956 5
1604713517620 9.87022362324561 6
1604713517622 9.80961855042829 7
1604713517624 9.749810905023882 8
1604713517626 9.690941930570604 9
1604713517628 9.632654968546385 10
1604713517630 9.575318524723345 11
1604713517632 9.518803159249739 12
1604713517634 9.462943710571828 13
1604713517636 9.407930234373268 14
1604713517638 9.35351682727338 15
1604713517640 9.3000340960765 16
1604713517642 9.247284525582849 17
1604713517644 9.195243500700713 18
1604713517645 9.144046417426047 19
1604713517647 9.093412619742121 20
1604713517649 9.043675093654747 21
1604713517651 8.99447603446315 22
1604713517653 8.945859929121642 23
1604713517655 8.898151594313383 24
1604713517657 8.850846703366022 25
1604713517659 8.804642674839565 26
1604713517661 8.758541663338612 27
1604713517663 8.71359548414121 28
1604713517665 8.66882083340617 29
1604713517667 8.625099082758869 30
1604713517669 8.581361137928182 31
1604713517671 8.538709375547914 32
1604713517673 8.496104422510832 33
1604713517675 8.454448712759216 34
1604713517677 8.413216180699413 35
1604713517679 8.37301160556777 36
1604713517681 8.333152401011004 37
1604713517683 8.293944344576822 38
1604713517685 8.255035519086682 39
1604713517687 8.216984549047377 40
1604713517689 8.179259890387662 41
1604713517691 8.14188924504147 42
1604713517693 8.105296736076793 43
1604713517695 8.069465146988437 44
1604713517697 8.033964529435236 45
1604713517698 7.9988192427245925 46
1604713517700 7.96436742118112 47
1604713517702 7.930645060323299 48
1604713517704 7.897069902928309 49
1604713517706 7.864161030535642 50
1604713517708 7.832083447442383 51
1604713517710 7.800022509256286 52
1604713517712 7.768368989926621 53
1604713517714 7.737424384770603 54
1604713517716 7.707184690794264 55
1604713517718 7.677079531741706 56
1604713517720 7.647725827114358 57
1604713517722 7.61850389317846 58
1604713517724 7.589678424134505 59
1604713517726 7.561469308453235 60
1604713517728 7.534002814347599 61
1604713517730 7.50645162675655 62
1604713517732 7.47930966274166 63
1604713517734 7.4527272129504425 64
1604713517736 7.4269369514590275 65
1604713517738 7.401348472029954 66
1604713517740 7.376253128217522 67
1604713517742 7.3514199518134555 68
1604713517744 7.326812492275011 69
1604713517746 7.302610457861926 70
1604713517748 7.279053594916025 71
1604713517750 7.255746223111957 72
1604713517752 7.2326459612606815 73
1604713517754 7.210018165582377 74
1604713517756 7.187472401617435 75
1604713517758 7.165714976208516 76
1604713517759 7.144199655197563 77
1604713517761 7.123250007931203 78
1604713517763 7.102197353201936 79
1604713517765 7.081447935684478 80
1604713517767 7.061334830508942 81
1604713517769 7.04135171810264 82
1604713517771 7.021602177840139 83
1604713517773 7.0024568966433725 84
1604713517775 6.983358557074157 85
1604713517777 6.96463969635384 86
1604713517779 6.94615091104747 87
1604713517781 6.928281943259398 88
1604713517783 6.910686922241618 89
1604713517785 6.892703554536942 90
1604713517787 6.874725453903282 91
1604713517789 6.857341947480684 92
1604713517791 6.83993761629526 93
1604713517793 6.8225848780101135 94
1604713517795 6.806210531551913 95
1604713517797 6.789112480042565 96
1604713517799 6.773064064140258 97
1604713517801 6.756877410817107 98
1604713517803 6.741678283280617 99
1604713517805 6.725626875906042 100
1604713517806 6.710777744193836 101
1604713517808 6.696380140288216 102
1604713517809 6.6812006189879805 103
1604713517810 6.666332639080562 104
1604713517812 6.651892761326811 105
1604713517813 6.637603734396249 106
1604713517815 6.624431454795613 107
1604713517816 6.611491291716726 108
1604713517818 6.598732190525303 109
1604713517819 6.585698349630252 110
1604713517821 6.5732513910290535 111
1604713517822 6.56116919168605 112
1604713517823 6.548028231691685 113
1604713517825 6.536303307632061 114
1604713517826 6.523581471886666 115
1604713517827 6.511254184573566 116
1604713517829 6.50014061304129 117
1604713517830 6.489287696549482 118
1604713517832 6.47743992954184 119
1604713517833 6.465799457703827 120
1604713517835 6.454509149562401 121
1604713517836 6.444243061745418 122
1604713517838 6.434039457281209 123
1604713517839 6.423696423992281 124
1604713517841 6.413771348877241 125
1604713517842 6.404045949326591 126
1604713517844 6.393288300436316 127
1604713517845 6.382743335989398 128
1604713517846 6.37372503379343 129
1604713517848 6.363438089376413 130
1604713517849 6.353339173595294 131
1604713517851 6.344430515533036 132
1604713517853 6.335683028111472 133
1604713517854 6.3260416992082895 134
1604713517857 6.3179719063988555 135
1604713517858 6.308618501243341 136
1604713517859 6.3004215573946265 137
1604713517861 6.291368397517424 138
1604713517862 6.28351620314123 139
1604713517864 6.274606083954657 140
1604713517865 6.266184729931245 141
1604713517867 6.257677968535568 142
1604713517869 6.250313777047925 143
1604713517870 6.241951949559618 144
1604713517871 6.234752543215298 145
1604713517873 6.226649292976691 146
1604713517874 6.218721065251125 147
1604713517876 6.211017037198197 148
1604713517877 6.203314395830396 149
1604713517878 6.196212400116556 150
1604713517880 6.188699768263691 151
1604713517881 6.181365574776383 152
1604713517883 6.17431310659537 153
1604713517884 6.167392337517081 154
1604713517886 6.160330779149276 155
1604713517887 6.153544351832934 156
1604713517889 6.14657809041147 157
1604713517890 6.140079952795389 158
1604713517891 6.133372421905527 159
1604713517893 6.126516302685516 160
1604713517894 6.120172709910312 161
1604713517896 6.113606189988482 162
1604713517897 6.107082956778097 163
1604713517898 6.100682547164147 164
1604713517900 6.0945300215245295 165
1604713517901 6.088802800059934 166
1604713517903 6.083234661040006 167
1604713517904 6.077242486035523 168
1604713517906 6.071456284813754 169
1604713517907 6.065521211395352 170
1604713517908 6.060225230421931 171
1604713517910 6.0544898348571365 172
1604713517911 6.049204066482235 173
1604713517913 6.0436486013759465 174
1604713517914 6.038885128455417 175
1604713517916 6.033487460946262 176
1604713517917 6.028914581084885 177
1604713517919 6.024428784150047 178
1604713517920 6.019259913011249 179
1604713517921 6.014917179287097 180
1604713517923 6.0097369761071775 181
1604713517924 6.004773172202378 182
1604713517926 6.0005832423086884 183
1604713517927 5.995869953122649 184
1604713517928 5.989808691654893 185
1604713517930 5.9838619664229835 186
1604713517931 5.977962496794328 187
1604713517933 5.972231957900357 188
1604713517934 5.966653385577414 189
1604713517936 5.96227194403697 190
1604713517937 5.956763128213779 191
1604713517939 5.951374286511283 192
1604713517940 5.947165235445437 193
1604713517941 5.941793365142809 194
1604713517943 5.936601863245461 195
1604713517944 5.931018603723314 196
1604713517946 5.926970575404114 197
1604713517947 5.921864662994631 198
1604713517948 5.916951447675747 199
1604713517950 5.911658543559478 200
1604713517951 5.90718997217599 201
1604713517953 5.903413401202778 202
1604713517954 5.898301202934944 203
1604713517956 5.8937340249738535 204
1604713517957 5.889034645324171 205
1604713517959 5.884150356076092 206
1604713517960 5.880547692394556 207
1604713517961 5.8761726900426625 208
1604713517963 5.872708523893631 209
1604713517964 5.868030116124036 210
1604713517966 5.86360773654075 211
1604713517967 5.8594563172352725 212
1604713517969 5.855843679151047 213
1604713517970 5.851358427658219 214
1604713517972 5.8469061039068 215
1604713517973 5.842998527180874 216
1604713517974 5.839053414271505 217
1604713517976 5.8349987847973495 218
1604713517977 5.830905465041706 219
1604713517979 5.826836013467568 220
1604713517980 5.822710743545115 221
1604713517982 5.818502415219923 222
1604713517984 5.8148733991901365 223
1604713517986 5.810771819426724 224
1604713517989 5.806396989993611 225
1604713517990 5.802465585492151 226
1604713517992 5.799289964360174 227
1604713517994 5.7955748795833895 228
1604713517996 5.791847391589611 229
1604713517997 5.788181836591073 230
1604713517999 5.784574877460502 231
1604713518000 5.781512397771469 232
1604713518002 5.778054561439306 233
1604713518003 5.773957356358523 234
1604713518005 5.770998989165136 235
1604713518006 5.766964128899314 236
1604713518008 5.763558808623871 237
1604713518009 5.760525605828221 238
1604713518011 5.757188018772301 239
1604713518012 5.753861507038076 240
1604713518014 5.750382348734307 241
1604713518015 5.747074399316791 242
1604713518017 5.743790263225494 243
1604713518019 5.740864071058786 244
1604713518020 5.737660039825848 245
1604713518022 5.734672617466457 246
1604713518023 5.7314402067501815 247
1604713518025 5.7283176754315 248
1604713518026 5.724976384774219 249
1604713518028 5.7225287546169055 250
1604713518029 5.718897899345256 251
1604713518031 5.715933242454082 252
1604713518032 5.713607526246137 253
1604713518034 5.71231077312855 254
1604713518035 5.709330394544971 255
1604713518037 5.706463289657037 256
1604713518038 5.7039133532402655 257
1604713518040 5.702677421832035 258
1604713518041 5.699862266049964 259
1604713518042 5.69682028246428 260
1604713518044 5.693719952120601 261
1604713518045 5.690901291340151 262
1604713518047 5.689733634120306 263
1604713518048 5.688589007719062 264
1604713518050 5.685522913393789 265
1604713518051 5.68441087743591 266
1604713518053 5.681666521489188 267
1604713518054 5.679002719700387 268
1604713518056 5.677932497259182 269
1604713518057 5.6753276572690545 270
1604713518058 5.674332784939007 271
1604713518060 5.671567627407852 272
1604713518061 5.669520706068071 273
1604713518063 5.668563646753016 274
1604713518064 5.665416505185528 275
1604713518066 5.6622332952506 276
1604713518067 5.659727696148264 277
1604713518069 5.658768048796931 278
1604713518070 5.656236276553703 279
1604713518071 5.6529014251174114 280
1604713518073 5.651977620749229 281
1604713518074 5.649509902827945 282
1604713518076 5.64861033866593 283
1604713518077 5.646358042715829 284
1604713518079 5.645525131280174 285
1604713518080 5.643105013714429 286
1604713518081 5.641235411629409 287
1604713518083 5.640387909901933 288
1604713518085 5.637981456864927 289
1604713518086 5.637156267511228 290
1604713518088 5.6336489283632725 291
1604713518089 5.632295681718904 292
1604713518090 5.63154544891657 293
1604713518092 5.6297304165072655 294
1604713518093 5.627536542464066 295
1604713518095 5.6245083014424955 296
1604713518096 5.623790486589537 297
1604713518098 5.622507307488681 298
1604713518100 5.621767777200608 299
1604713518102 5.618818828244799 300
1604713518103 5.617580077971716 301
1604713518105 5.615958645010589 302
1604713518107 5.614074675030593 303
1604713518109 5.613462831519656 304
1604713518111 5.610981847687146 305
1604713518112 5.608141333164276 306
1604713518115 5.605998916300525 307
1604713518116 5.603211659160709 308
1604713518119 5.601118720155404 309
1604713518120 5.598399171826339 310
1604713518122 5.596879824886685 311
1604713518123 5.594212246880384 312
1604713518125 5.593083631080428 313
1604713518126 5.591061442753682 314
1604713518128 5.589078994497359 315
1604713518129 5.586129938334234 316
1604713518131 5.583539418342779 317
1604713518132 5.581167166383091 318
1604713518134 5.57923941812012 319
1604713518135 5.576737123372743 320
1604713518137 5.574332225984272 321
1604713518138 5.5704070724790595 322
1604713518140 5.566551501348947 323
1604713518141 5.563978587829722 324
1604713518143 5.561357855171229 325
1604713518144 5.557737427544865 326
1604713518145 5.55517416662366 327
1604713518147 5.552650606870361 328
1604713518148 5.550142777776043 329
1604713518150 5.5469854939556065 330
1604713518151 5.544485974983135 331
1604713518153 5.54203672189597 332
1604713518154 5.53963363489369 333
1604713518156 5.537321611107068 334
1604713518157 5.534574879002305 335
1604713518159 5.532228128345451 336
1604713518160 5.531155811256866 337
1604713518161 5.52900483653883 338
1604713518163 5.527955217613769 339
1604713518164 5.525750293012384 340
1604713518169 5.753861507038076 341
