1604714581546 10.206201614809675 0
1604714581548 10.141891674036657 1
1604714581550 10.078462371070193 2
1604714581552 10.014835021622433 3
1604714581554 9.952074944374406 4
1604714581556 9.890175950459952 5
1604714581558 9.829806954322944 6
1604714581561 9.769584629345982 7
1604714581563 9.71086961262157 8
1604714581565 9.652262497467527 9
1604714581566 9.595142285874518 10
1604714581569 9.538138051104864 11
1604714581571 9.482600443235421 12
1604714581573 9.427847220592726 13
1604714581575 9.373179278431776 14
1604714581577 9.319957544512707 15
1604714581579 9.26680904737298 16
1604714581581 9.215087357206736 17
1604714581583 9.16410653651185 18
1604714581585 9.113244150652054 19
1604714581587 9.063710707309879 20
1604714581589 9.01474798777682 21
1604714581591 8.966021878799271 22
1604714581593 8.918595861680943 23
1604714581595 8.871720802684976 24
1604714581597 8.82497563504336 25
1604714581599 8.77947761081517 26
1604714581601 8.733770298552878 27
1604714581603 8.688738816060457 28
1604714581605 8.644742364784328 29
1604714581607 8.60183158589101 30
1604714581609 8.559187088307894 31
1604714581611 8.516518101210748 32
1604714581613 8.474466136506743 33
1604714581615 8.432615104223077 34
1604714581617 8.391800770532855 35
1604714581619 8.35168690883439 36
1604714581621 8.311230369445322 37
1604714581623 8.271874553216076 38
1604714581625 8.232940983949067 39
1604714581627 8.195158984875706 40
1604714581629 8.157855842162268 41
1604714581631 8.120378380665604 42
1604714581633 8.083819277958158 43
1604714581635 8.048259831730249 44
1604714581637 8.013140890963083 45
1604714581639 7.9777772298917435 46
1604714581641 7.943800210381433 47
1604714581643 7.909776139253814 48
1604714581645 7.877189144661027 49
1604714581647 7.843856092636045 50
1604714581649 7.8118907406405595 51
1604714581651 7.77955465809199 52
1604714581654 7.747820632631212 53
1604714581656 7.717363560470817 54
1604714581658 7.686487997653409 55
1604714581660 7.657158824953345 56
1604714581662 7.6272168848910455 57
1604714581664 7.598525678127035 58
1604714581666 7.569496699801755 59
1604714581668 7.541831820680633 60
1604714581670 7.513709758255607 61
1604714581672 7.485710996003229 62
1604714581674 7.459378738545556 63
1604714581676 7.432592703269212 64
1604714581678 7.406178457102719 65
1604714581680 7.380923968280646 66
1604714581682 7.355198754366513 67
1604714581684 7.329986256607719 68
1604714581686 7.3052117743414735 69
1604714581688 7.2806632965352795 70
1604714581690 7.257434843043889 71
1604714581692 7.233643510640138 72
1604714581694 7.210342978630775 73
1604714581696 7.18730120214436 74
1604714581698 7.1647023777243675 75
1604714581700 7.143027481046601 76
1604714581702 7.121045822032864 77
1604714581704 7.099515576950831 78
1604714581706 7.078243789817387 79
1604714581708 7.058105858526811 80
1604714581710 7.037485533651625 81
1604714581712 7.017304648213651 82
1604714581714 6.997377024693217 83
1604714581717 6.97778868987008 84
1604714581719 6.958476406805737 85
1604714581721 6.93947654215945 86
1604714581723 6.9208435503837995 87
1604714581725 6.9024722878717615 88
1604714581727 6.884151188110162 89
1604714581729 6.866391583736159 90
1604714581730 6.848781749307306 91
1604714581732 6.831903256833789 92
1604714581733 6.814728322985062 93
1604714581735 6.7981436650707305 94
1604714581737 6.781530612421828 95
1604714581738 6.76533652746287 96
1604714581740 6.749586017910478 97
1604714581741 6.733728947583682 98
1604714581743 6.71839808042915 99
1604714581744 6.702903538666533 100
1604714581746 6.688329718548906 101
1604714581747 6.673876941075704 102
1604714581748 6.6592005984663905 103
1604714581750 6.644962030926889 104
1604714581752 6.630654319112696 105
1604714581754 6.616210947587149 106
1604714581755 6.60251322579454 107
1604714581757 6.588445396405198 108
1604714581758 6.574906831977751 109
1604714581759 6.5617004114354165 110
1604714581761 6.548730127152332 111
1604714581762 6.535499618077553 112
1604714581763 6.522963739831131 113
1604714581765 6.510169305713134 114
1604714581766 6.49805557004934 115
1604714581768 6.486569163142972 116
1604714581770 6.474588861360609 117
1604714581771 6.463166201888716 118
1604714581773 6.451927871926346 119
1604714581774 6.440497273960464 120
1604714581776 6.42963671043892 121
1604714581777 6.41834605151143 122
1604714581779 6.407844108614241 123
1604714581780 6.396628721117958 124
1604714581781 6.386569083437762 125
1604714581783 6.376174823977458 126
1604714581784 6.365457169186042 127
1604714581786 6.356095913272859 128
1604714581788 6.345847636600675 129
1604714581789 6.336593075730824 130
1604714581791 6.3268764663234185 131
1604714581792 6.31691089490205 132
1604714581794 6.307282897501553 133
1604714581795 6.298800302092747 134
1604714581797 6.289304927109445 135
1604714581798 6.2802252574922734 136
1604714581800 6.2718783383015415 137
1604714581801 6.263136981237863 138
1604714581803 6.255335977878618 139
1604714581804 6.247269917852283 140
1604714581806 6.238936444251379 141
1604714581807 6.230298754510013 142
1604714581808 6.222149312225771 143
1604714581810 6.21380975370856 144
1604714581811 6.206486692020824 145
1604714581813 6.1990533812177535 146
1604714581814 6.192212659387564 147
1604714581816 6.184361646015281 148
1604714581817 6.177298597981226 149
1604714581819 6.170352684261161 150
1604714581820 6.163417966526632 151
1604714581822 6.157141979159956 152
1604714581823 6.150239676583806 153
1604714581824 6.143731523069366 154
1604714581826 6.137244065674325 155
1604714581827 6.131105305668978 156
1604714581829 6.125330337709362 157
1604714581830 6.119240228671188 158
1604714581832 6.11320063249157 159
1604714581833 6.105563721329099 160
1604714581835 6.098069437782886 161
1604714581836 6.091423771255792 162
1604714581838 6.085780865707055 163
1604714581839 6.079116863893991 164
1604714581841 6.072003879889069 165
1604714581842 6.065777490505807 166
1604714581844 6.060407534435349 167
1604714581845 6.054142596745764 168
1604714581846 6.0468326197625615 169
1604714581848 6.040680109885768 170
1604714581849 6.033574888957982 171
1604714581851 6.02761538779334 172
1604714581852 6.022820860629365 173
1604714581854 6.017055573328328 174
1604714581855 6.012419403867875 175
1604714581857 6.00680906495186 176
1604714581858 6.002375460063806 177
1604714581859 5.996353118017993 178
1604714581861 5.991993694084106 179
1604714581862 5.986621775806011 180
1604714581864 5.982405877800021 181
1604714581865 5.977012160216641 182
1604714581867 5.970630507460572 183
1604714581868 5.966600981624164 184
1604714581870 5.961419332451099 185
1604714581871 5.955062838850491 186
1604714581873 5.950039502558648 187
1604714581874 5.946240754523684 188
1604714581876 5.94136362724373 189
1604714581877 5.935456943188077 190
1604714581878 5.930592983865528 191
1604714581880 5.9245821750803485 192
1604714581881 5.919795488586423 193
1604714581883 5.916304856458864 194
1604714581884 5.911413812793327 195
1604714581886 5.906508203427187 196
1604714581887 5.903168247912667 197
1604714581889 5.898382251619625 198
1604714581890 5.894306916992179 199
1604714581891 5.8897166040750975 200
1604714581893 5.885199096675736 201
1604714581894 5.882054968809055 202
1604714581896 5.877625013172581 203
1604714581897 5.873796817998597 204
1604714581899 5.8695026771849745 205
1604714581900 5.86585605906758 206
1604714581901 5.8623120349041935 207
1604714581903 5.858080412615199 208
1604714581905 5.854547810521404 209
1604714581906 5.85037556883212 210
1604714581908 5.846913486100992 211
1604714581909 5.843542111944657 212
1604714581910 5.838764788303529 213
1604714581912 5.8354577565140575 214
1604714581913 5.831930829022619 215
1604714581915 5.828628295660618 216
1604714581916 5.824370090139169 217
1604714581918 5.820967417512647 218
1604714581919 5.816394002127116 219
1604714581921 5.813637762272507 220
1604714581922 5.810096221476789 221
1604714581924 5.807421947393416 222
1604714581925 5.80278226667855 223
1604714581926 5.799657960333455 224
1604714581928 5.797084498219574 225
1604714581929 5.792254462716182 226
1604714581931 5.789224454417096 227
1604714581932 5.7867509789050375 228
1604714581934 5.78346951589228 229
1604714581935 5.7810678153548425 230
1604714581937 5.777307411265862 231
1604714581938 5.77496996814504 232
1604714581940 5.770904737005127 233
1604714581941 5.768193649782165 234
1604714581942 5.76594195356211 235
1604714581944 5.763171308865511 236
1604714581945 5.758254382522965 237
1604714581947 5.756090642469319 238
1604714581948 5.753320785455856 239
1604714581950 5.748540186785239 240
1604714581951 5.74496223230437 241
1604714581953 5.7419552684347295 242
1604714581954 5.739583057904072 243
1604714581956 5.737255375041926 244
1604714581957 5.732371311352124 245
1604714581959 5.72757931772678 246
1604714581960 5.724705769989571 247
1604714581961 5.720347151400452 248
1604714581963 5.715678892284252 249
1604714581964 5.711439554887009 250
1604714581966 5.707485880494909 251
1604714581967 5.703132410765308 252
1604714581969 5.698885879243713 253
1604714581970 5.6944047429312645 254
1604714581972 5.692270103398044 255
1604714581973 5.688290735074253 256
1604714581975 5.683767249460145 257
1604714581976 5.6810164613578324 258
1604714581978 5.67896188621197 259
1604714581979 5.6751026188600004 260
1604714581980 5.6727356501619495 261
1604714581982 5.668953661867993 262
1604714581983 5.666208824478271 263
1604714581985 5.6624781836782025 264
1604714581987 5.658801094096388 265
1604714581989 5.656136666275928 266
1604714581990 5.653985636954544 267
1604714581992 5.649792815181585 268
1604714581994 5.647258164307638 269
1604714581995 5.643693424063684 270
1604714581997 5.640302877378005 271
1604714581998 5.638429443953731 272
1604714581999 5.634942954171571 273
1604714582001 5.63244456520196 274
1604714582003 5.630453898756024 275
1604714582004 5.627075327908534 276
1604714582006 5.623590110298293 277
1604714582007 5.621131805746476 278
1604714582009 5.617548265077612 279
1604714582010 5.6156459153256595 280
1604714582012 5.61163086275726 281
1604714582013 5.609185257199474 282
1604714582015 5.606858350180021 283
1604714582016 5.604509623756436 284
1604714582017 5.601976636693247 285
1604714582019 5.600259301202163 286
1604714582020 5.598422543088114 287
1604714582022 5.596133359278989 288
1604714582024 5.593168406626022 289
1604714582025 5.590855047381521 290
1604714582027 5.589074751592023 291
1604714582028 5.586399818591905 292
1604714582030 5.584224178025984 293
1604714582031 5.580497139809432 294
1604714582032 5.578605348472049 295
1604714582034 5.576608365927985 296
1604714582036 5.574759647872332 297
1604714582037 5.572788036969212 298
1604714582039 5.571089800253504 299
1604714582040 5.569136782055199 300
1604714582042 5.567034744140244 301
1604714582043 5.564635177257296 302
1604714582044 5.562611205960277 303
1604714582046 5.560882700577272 304
1604714582047 5.5589003506348655 305
1604714582049 5.557173430947404 306
1604714582050 5.55520445855335 307
1604714582052 5.552904198047567 308
1604714582053 5.55067326942806 309
1604714582055 5.54886278442237 310
1604714582056 5.546602720146028 311
1604714582058 5.544129096711584 312
1604714582059 5.542049689527005 313
1604714582061 5.539945894089406 314
1604714582062 5.538524625209035 315
1604714582064 5.536863622427043 316
1604714582065 5.535014487486131 317
1604714582066 5.532855142885709 318
1604714582068 5.530717496712643 319
1604714582070 5.528622911147359 320
1604714582071 5.526900648696847 321
1604714582073 5.524400074145798 322
1604714582074 5.521947618123588 323
1604714582076 5.518700306356025 324
1604714582077 5.516750461876564 325
1604714582078 5.514747556681074 326
1604714582080 5.513485805140521 327
1604714582081 5.511456578697113 328
1604714582083 5.509691200483138 329
1604714582084 5.507260763554204 330
1604714582086 5.504959155344111 331
1604714582087 5.503737576229044 332
1604714582089 5.50210647328526 333
1604714582090 5.500128949173837 334
1604714582092 5.498937311708775 335
1604714582093 5.496863774293962 336
1604714582094 5.493878168331254 337
1604714582096 5.491808767113123 338
1604714582097 5.489152350466721 339
1604714582099 5.4874436588884565 340
1604714582100 5.485138948003689 341
1604714582102 5.48280487511739 342
1604714582104 5.481669600540299 343
1604714582105 5.4785865766659585 344
1604714582106 5.476922694948739 345
1604714582108 5.475689740432675 346
1604714582109 5.47306186938004 347
1604714582111 5.471856397943989 348
1604714582112 5.470182734680403 349
1604714582114 5.469083521820701 350
1604714582115 5.467905135458194 351
1604714582117 5.4658881934315415 352
1604714582118 5.464307934625023 353
1604714582120 5.4632377264522525 354
1604714582121 5.462103050306385 355
1604714582122 5.459322506577853 356
1604714582124 5.456655117983197 357
1604714582125 5.45512614408503 358
1604714582127 5.454221370838986 359
1604714582128 5.452693333657111 360
1604714582130 5.449966649585108 361
1604714582132 5.447260893165071 362
1604714582133 5.445308562784356 363
1604714582135 5.442588109685602 364
1604714582136 5.441096188433475 365
1604714582138 5.43911663492324 366
1604714582139 5.438161667642979 367
1604714582141 5.436220004497154 368
1604714582142 5.435155736992388 369
1604714582147 5.647258164307638 370
