1604713628100 10.253051569786606 0
1604713628102 10.186958233714963 1
1604713628105 10.121858319670428 2
1604713628108 10.057644477624914 3
1604713628110 9.99434391776851 4
1604713628113 9.931755603035958 5
1604713628115 9.870223623245613 6
1604713628117 9.80961855042829 7
1604713628120 9.749810905023883 8
1604713628122 9.690941930570604 9
1604713628125 9.632654968546385 10
1604713628128 9.575318524723343 11
1604713628130 9.518803159249739 12
1604713628133 9.462943710571828 13
1604713628135 9.407930234373268 14
1604713628137 9.353516827273378 15
1604713628140 9.3000340960765 16
1604713628142 9.247284525582849 17
1604713628145 9.195243500700714 18
1604713628147 9.144046417426047 19
1604713628150 9.093412619742121 20
1604713628152 9.043675093654748 21
1604713628154 8.994476034463151 22
1604713628157 8.945859929121642 23
1604713628159 8.898151594313383 24
1604713628162 8.850846703366022 25
1604713628172 8.804642674839563 26
1604713628175 8.758541663338614 27
1604713628177 8.71359548414121 28
1604713628180 8.668820833406167 29
1604713628182 8.625099082758869 30
1604713628184 8.581361137928184 31
1604713628187 8.538709375547912 32
1604713628189 8.496104422510832 33
1604713628192 8.454448712759216 34
1604713628195 8.413216180699415 35
1604713628197 8.373011605567772 36
1604713628199 8.333152401011004 37
1604713628201 8.293944344576822 38
1604713628203 8.255035519086682 39
1604713628214 8.216984549047377 40
1604713628221 8.179259890387662 41
1604713628224 8.14188924504147 42
1604713628227 8.105296736076793 43
1604713628229 8.069465146988437 44
1604713628232 8.033964529435236 45
1604713628234 7.9988192427245925 46
1604713628236 7.964367421181121 47
1604713628239 7.930645060323299 48
1604713628241 7.897069902928309 49
1604713628244 7.864161030535642 50
1604713628247 7.8320834474423835 51
1604713628250 7.800022509256286 52
1604713628252 7.76836898992662 53
1604713628254 7.737424384770603 54
1604713628257 7.707184690794264 55
1604713628259 7.677079531741706 56
1604713628262 7.647725827114357 57
1604713628264 7.61850389317846 58
1604713628267 7.589678424134505 59
1604713628269 7.561469308453235 60
1604713628271 7.534002814347599 61
1604713628276 7.50645162675655 62
1604713628279 7.47930966274166 63
1604713628281 7.4527272129504425 64
1604713628284 7.4269369514590275 65
1604713628286 7.401348472029954 66
1604713628288 7.376253128217521 67
1604713628291 7.3514199518134555 68
1604713628294 7.326812492275011 69
1604713628297 7.302610457861927 70
1604713628298 7.279053594916026 71
1604713628299 7.255746223111956 72
1604713628301 7.2326459612606815 73
1604713628303 7.210018165582377 74
1604713628304 7.187472401617435 75
1604713628306 7.165714976208516 76
1604713628307 7.144199655197562 77
1604713628309 7.123250007931203 78
1604713628310 7.102197353201935 79
1604713628312 7.081447935684478 80
1604713628313 7.061334830508942 81
1604713628315 7.041351718102639 82
1604713628317 7.0216021778401405 83
1604713628319 7.002456896643373 84
1604713628321 6.983358557074157 85
1604713628324 6.96463969635384 86
1604713628325 6.94615091104747 87
1604713628327 6.928281943259397 88
1604713628329 6.910686922241618 89
1604713628330 6.892703554536942 90
1604713628332 6.874725453903283 91
1604713628334 6.857341947480684 92
1604713628336 6.83993761629526 93
1604713628338 6.822584878010113 94
1604713628339 6.806210531551912 95
1604713628341 6.789112480042564 96
1604713628344 6.773064064140259 97
1604713628345 6.756877410817106 98
1604713628348 6.741678283280617 99
1604713628350 6.725626875906042 100
1604713628352 6.7107777441938365 101
1604713628353 6.696380140288216 102
1604713628355 6.681200618987981 103
1604713628357 6.6663326390805615 104
1604713628358 6.651892761326811 105
1604713628361 6.63760373439625 106
1604713628362 6.624431454795615 107
1604713628365 6.611491291716726 108
1604713628366 6.598732190525302 109
1604713628369 6.585698349630252 110
1604713628370 6.5732513910290535 111
1604713628373 6.561169191686049 112
1604713628375 6.548028231691685 113
1604713628377 6.536303307632061 114
1604713628378 6.523581471886666 115
1604713628380 6.511254184573565 116
1604713628382 6.500140613041289 117
1604713628384 6.489287696549483 118
1604713628386 6.47743992954184 119
1604713628388 6.465799457703826 120
1604713628390 6.454509149562401 121
1604713628391 6.444243061745418 122
1604713628394 6.434039457281209 123
1604713628395 6.423696423992281 124
1604713628397 6.413771348877241 125
1604713628399 6.404045949326591 126
1604713628401 6.393288300436316 127
1604713628402 6.382743335989397 128
1604713628404 6.37372503379343 129
1604713628406 6.363438089376413 130
1604713628408 6.353339173595294 131
1604713628410 6.344430515533037 132
1604713628412 6.335683028111471 133
1604713628415 6.3260416992082895 134
1604713628416 6.3179719063988555 135
1604713628418 6.308618501243341 136
1604713628420 6.300421557394626 137
1604713628422 6.291368397517424 138
1604713628424 6.283516203141229 139
1604713628425 6.274606083954657 140
1604713628428 6.266184729931245 141
1604713628429 6.257677968535568 142
1604713628431 6.250313777047925 143
1604713628433 6.241951949559618 144
1604713628435 6.234752543215297 145
1604713628437 6.22664929297669 146
1604713628438 6.218721065251125 147
1604713628441 6.2110170371981965 148
1604713628444 6.203314395830397 149
1604713628447 6.196212400116556 150
1604713628449 6.188699768263691 151
1604713628452 6.181365574776383 152
1604713628455 6.17431310659537 153
1604713628457 6.167392337517081 154
1604713628458 6.160330779149276 155
1604713628460 6.153544351832934 156
1604713628461 6.146578090411471 157
1604713628463 6.14007995279539 158
1604713628464 6.133372421905526 159
1604713628466 6.126516302685515 160
1604713628467 6.120172709910312 161
1604713628469 6.113606189988483 162
1604713628470 6.107082956778097 163
1604713628471 6.100682547164148 164
1604713628473 6.0945300215245295 165
1604713628474 6.088802800059934 166
1604713628476 6.083234661040006 167
1604713628478 6.077242486035523 168
1604713628479 6.071456284813754 169
1604713628481 6.065521211395351 170
1604713628482 6.06022523042193 171
1604713628484 6.0544898348571365 172
1604713628485 6.049204066482235 173
1604713628486 6.043648601375946 174
1604713628488 6.038885128455417 175
1604713628489 6.033487460946261 176
1604713628491 6.028914581084885 177
1604713628493 6.024428784150047 178
1604713628494 6.01925991301125 179
1604713628496 6.014917179287097 180
1604713628497 6.009736976107177 181
1604713628498 6.004773172202378 182
1604713628500 6.0005832423086884 183
1604713628502 5.995869953122649 184
1604713628503 5.9898086916548925 185
1604713628505 5.9838619664229835 186
1604713628506 5.977962496794328 187
1604713628508 5.972231957900356 188
1604713628509 5.966653385577414 189
1604713628512 5.96227194403697 190
1604713628514 5.95676312821378 191
1604713628515 5.9513742865112835 192
1604713628517 5.947165235445437 193
1604713628519 5.941793365142809 194
1604713628520 5.9366018632454605 195
1604713628522 5.931018603723315 196
1604713628524 5.9269705754041135 197
1604713628525 5.92186466299463 198
1604713628527 5.916951447675747 199
1604713628528 5.911658543559479 200
1604713628529 5.90718997217599 201
1604713628531 5.903413401202778 202
1604713628532 5.898301202934944 203
1604713628534 5.893734024973854 204
1604713628535 5.88903464532417 205
1604713628537 5.884150356076092 206
1604713628538 5.880547692394556 207
1604713628540 5.8761726900426625 208
1604713628541 5.872708523893631 209
1604713628543 5.868030116124036 210
1604713628545 5.86360773654075 211
1604713628547 5.859456317235273 212
1604713628549 5.855843679151047 213
1604713628550 5.851358427658219 214
1604713628553 5.8469061039068 215
1604713628554 5.842998527180873 216
1604713628556 5.839053414271505 217
1604713628558 5.8349987847973495 218
1604713628559 5.830905465041706 219
1604713628561 5.826836013467568 220
1604713628563 5.822710743545115 221
1604713628565 5.818502415219924 222
1604713628567 5.814873399190136 223
1604713628569 5.810771819426724 224
1604713628570 5.80639698999361 225
1604713628572 5.802465585492151 226
1604713628573 5.799289964360174 227
1604713628576 5.79557487958339 228
1604713628579 5.791847391589611 229
1604713628581 5.788181836591073 230
1604713628582 5.784574877460502 231
1604713628583 5.781512397771469 232
1604713628585 5.778054561439306 233
1604713628586 5.773957356358523 234
1604713628588 5.770998989165136 235
1604713628589 5.766964128899315 236
1604713628592 5.763558808623871 237
1604713628594 5.760525605828221 238
1604713628595 5.7571880187723 239
1604713628597 5.753861507038077 240
1604713628598 5.750382348734307 241
1604713628600 5.747074399316791 242
1604713628601 5.743790263225494 243
1604713628603 5.740864071058786 244
1604713628604 5.737660039825849 245
1604713628605 5.734672617466457 246
1604713628608 5.7314402067501815 247
1604713628611 5.728317675431501 248
1604713628612 5.724976384774219 249
1604713628614 5.7225287546169055 250
1604713628615 5.718897899345256 251
1604713628616 5.715933242454082 252
1604713628618 5.713607526246137 253
1604713628619 5.71231077312855 254
1604713628621 5.7093303945449705 255
1604713628622 5.706463289657036 256
1604713628624 5.7039133532402655 257
1604713628625 5.702677421832035 258
1604713628627 5.699862266049964 259
1604713628628 5.69682028246428 260
1604713628630 5.693719952120601 261
1604713628631 5.69090129134015 262
1604713628633 5.689733634120305 263
1604713628634 5.688589007719062 264
1604713628635 5.685522913393789 265
1604713628637 5.684410877435911 266
1604713628638 5.681666521489188 267
1604713628640 5.679002719700386 268
1604713628641 5.6779324972591825 269
1604713628643 5.6753276572690545 270
1604713628644 5.674332784939006 271
1604713628646 5.6715676274078515 272
1604713628647 5.669520706068071 273
1604713628649 5.668563646753016 274
1604713628650 5.665416505185527 275
1604713628652 5.6622332952506 276
1604713628653 5.659727696148263 277
1604713628655 5.658768048796931 278
1604713628656 5.656236276553703 279
1604713628658 5.6529014251174114 280
1604713628659 5.651977620749229 281
1604713628661 5.649509902827945 282
1604713628662 5.64861033866593 283
1604713628663 5.646358042715828 284
1604713628665 5.645525131280174 285
1604713628666 5.643105013714428 286
1604713628668 5.641235411629409 287
1604713628669 5.640387909901932 288
1604713628671 5.637981456864927 289
1604713628672 5.637156267511228 290
1604713628674 5.6336489283632725 291
1604713628675 5.632295681718904 292
1604713628677 5.631545448916571 293
1604713628678 5.6297304165072655 294
1604713628679 5.627536542464067 295
1604713628681 5.6245083014424955 296
1604713628682 5.623790486589536 297
1604713628684 5.622507307488681 298
1604713628685 5.621767777200608 299
1604713628687 5.618818828244798 300
1604713628688 5.6175800779717155 301
1604713628690 5.61595864501059 302
1604713628691 5.614074675030593 303
1604713628693 5.613462831519655 304
1604713628694 5.610981847687146 305
1604713628695 5.608141333164276 306
1604713628697 5.605998916300526 307
1604713628698 5.603211659160708 308
1604713628700 5.601118720155404 309
1604713628701 5.598399171826338 310
1604713628703 5.596879824886684 311
1604713628704 5.594212246880384 312
1604713628705 5.593083631080428 313
1604713628707 5.591061442753683 314
1604713628708 5.589078994497359 315
1604713628710 5.586129938334234 316
1604713628711 5.583539418342779 317
1604713628713 5.581167166383091 318
1604713628714 5.579239418120119 319
1604713628716 5.576737123372743 320
1604713628717 5.574332225984272 321
1604713628719 5.5704070724790595 322
1604713628720 5.566551501348947 323
1604713628721 5.563978587829722 324
1604713628723 5.561357855171228 325
1604713628725 5.557737427544864 326
1604713628726 5.55517416662366 327
1604713628727 5.552650606870361 328
1604713628729 5.550142777776043 329
1604713628730 5.5469854939556065 330
1604713628732 5.544485974983134 331
1604713628733 5.54203672189597 332
1604713628735 5.539633634893691 333
1604713628736 5.537321611107069 334
1604713628737 5.534574879002306 335
1604713628739 5.532228128345451 336
1604713628741 5.531155811256866 337
1604713628743 5.52900483653883 338
1604713628744 5.527955217613769 339
1604713628746 5.525750293012383 340
1604713628750 5.753861507038077 341
