1604713632806 10.171155725539384 0
1604713632808 10.106696558050174 1
1604713632811 10.043118055764662 2
1604713632813 9.980410969090345 3
1604713632815 9.918565624829528 4
1604713632817 9.857573661868265 5
1604713632819 9.79742400169363 6
1604713632821 9.738109942809356 7
1604713632823 9.679618568172332 8
1604713632825 9.621945230225128 9
1604713632827 9.565077226244439 10
1604713632829 9.509009808624466 11
1604713632831 9.453730780461395 12
1604713632833 9.399233448935268 13
1604713632835 9.345505194243911 14
1604713632837 9.29254200898466 15
1604713632840 9.240330392934744 16
1604713632842 9.18864049262504 17
1604713632844 9.13769048435263 18
1604713632846 9.087679612170914 19
1604713632848 9.03817593672407 20
1604713632850 8.989591892672866 21
1604713632852 8.941502612921948 22
1604713632854 8.8941154183156 23
1604713632856 8.847606793976995 24
1604713632858 8.80151661762833 25
1604713632862 8.756352862320378 26
1604713632864 8.711594502320994 27
1604713632868 8.6675615920003 28
1604713632870 8.624287146117304 29
1604713632872 8.581538067034257 30
1604713632875 8.539531679667279 31
1604713632878 8.498150452132627 32
1604713632881 8.45669902017618 33
1604713632883 8.415615026758061 34
1604713632888 8.374515801058351 35
1604713632890 8.334033916862335 36
1604713632894 8.294956052563634 37
1604713632896 8.255648290478893 38
1604713632898 8.216757755435525 39
1604713632901 8.178963356048586 40
1604713632903 8.141663375329312 41
1604713632906 8.105551680297724 42
1604713632909 8.070390595963001 43
1604713632911 8.034988907343397 44
1604713632914 7.9998146136583 45
1604713632917 7.9657481890589334 46
1604713632920 7.93164396208623 47
1604713632922 7.898598619724227 48
1604713632925 7.86574300108001 49
1604713632928 7.834119109715375 50
1604713632930 7.802540300869766 51
1604713632934 7.771205849054742 52
1604713632936 7.740225890910748 53
1604713632939 7.710245981233012 54
1604713632941 7.6799368467431 55
1604713632944 7.650462230127989 56
1604713632971 7.6213798865369835 57
1604713632973 7.5931488959479845 58
1604713632975 7.565427118329684 59
1604713632978 7.537794903547803 60
1604713632980 7.51053161524099 61
1604713632982 7.483252421310949 62
1604713632984 7.457169299882654 63
1604713632987 7.431194674341748 64
1604713632989 7.405926805032127 65
1604713632992 7.380778411326414 66
1604713632994 7.355826648973649 67
1604713632996 7.331971364041732 68
1604713632999 7.307798424176566 69
1604713633002 7.284471102345229 70
1604713633005 7.260797719813681 71
1604713633008 7.237875252274982 72
1604713633012 7.216005158104862 73
1604713633015 7.193686841123685 74
1604713633018 7.172518044442712 75
1604713633020 7.150969617329142 76
1604713633022 7.129800307922128 77
1604713633024 7.107946724142309 78
1604713633026 7.087156836324835 79
1604713633027 7.065956803729919 80
1604713633029 7.044874151067775 81
1604713633031 7.0250394949065145 82
1604713633033 7.006155876480364 83
1604713633034 6.987024740806152 84
1604713633036 6.967777871919664 85
1604713633038 6.948546867933262 86
1604713633039 6.930340860114891 87
1604713633041 6.9132106682816366 88
1604713633042 6.894104693352314 89
1604713633044 6.876438258526364 90
1604713633045 6.858952879154583 91
1604713633047 6.8420004303593 92
1604713633048 6.825928256600811 93
1604713633050 6.808855031600693 94
1604713633051 6.79186831431069 95
1604713633053 6.775576870832291 96
1604713633054 6.759265639313486 97
1604713633056 6.743955953657626 98
1604713633057 6.729695376376153 99
1604713633059 6.714154464300525 100
1604713633060 6.698798309074276 101
1604713633062 6.684176527422006 102
1604713633063 6.670341395405236 103
1604713633065 6.656335714173133 104
1604713633066 6.642430678088299 105
1604713633068 6.628567900666367 106
1604713633069 6.614847855661239 107
1604713633071 6.601253587008329 108
1604713633072 6.587814821090137 109
1604713633074 6.574815270886463 110
1604713633075 6.561808142110005 111
1604713633076 6.549215266172869 112
1604713633078 6.536777828188907 113
1604713633080 6.523613065086759 114
1604713633081 6.511884268635485 115
1604713633083 6.499114225775457 116
1604713633084 6.487497650878161 117
1604713633085 6.475966942451226 118
1604713633087 6.46383185713675 119
1604713633088 6.453017230930314 120
1604713633090 6.441278546905293 121
1604713633091 6.430555538303613 122
1604713633093 6.419136263385596 123
1604713633094 6.409022706527667 124
1604713633096 6.3987706418213826 125
1604713633097 6.388885108245507 126
1604713633099 6.378180430983555 127
1604713633100 6.368695247652385 128
1604713633101 6.358279655457609 129
1604713633103 6.348832696371318 130
1604713633104 6.339796320040699 131
1604713633106 6.330922317404486 132
1604713633107 6.32161808777548 133
1604713633109 6.31288238721122 134
1604713633110 6.303898295783952 135
1604713633112 6.29533113009977 136
1604713633113 6.286604473957679 137
1604713633115 6.278278762653576 138
1604713633116 6.2698410375864375 139
1604713633117 6.262022817273399 140
1604713633119 6.252993396621894 141
1604713633120 6.245521862394276 142
1604713633122 6.2380228324794444 143
1604713633124 6.229723577136319 144
1604713633126 6.222430838921071 145
1604713633127 6.21507256612735 146
1604713633129 6.207132362081508 147
1604713633130 6.200176746803087 148
1604713633132 6.193155656869946 149
1604713633133 6.185501326656622 150
1604713633134 6.178765077619873 151
1604713633136 6.171359377120006 152
1604713633137 6.164355707821354 153
1604713633139 6.15790877644162 154
1604713633140 6.151598721635193 155
1604713633142 6.144622891975882 156
1604713633143 6.138072965885431 157
1604713633145 6.1322472115781785 158
1604713633146 6.125843789656515 159
1604713633148 6.119197123640184 160
1604713633149 6.112993501881575 161
1604713633150 6.107188780872231 162
1604713633152 6.100824739363746 163
1604713633153 6.095238676031794 164
1604713633155 6.089381677890329 165
1604713633156 6.083196255427512 166
1604713633158 6.077005886446518 167
1604713633159 6.07175127207589 168
1604713633161 6.065902940682024 169
1604713633162 6.060434910466136 170
1604713633164 6.055333794830631 171
1604713633165 6.0496080502038465 172
1604713633166 6.043988068878064 173
1604713633168 6.038811890338094 174
1604713633169 6.033995707628758 175
1604713633171 6.028561580587619 176
1604713633172 6.022840701232244 177
1604713633174 6.018294554241143 178
1604713633175 6.013451111818025 179
1604713633176 6.0083264465592245 180
1604713633178 6.003227144459043 181
1604713633180 5.998524567638229 182
1604713633181 5.993309626802928 183
1604713633182 5.988100880538551 184
1604713633184 5.983915777414926 185
1604713633185 5.978936328847749 186
1604713633187 5.974932246739045 187
1604713633188 5.970097609104018 188
1604713633190 5.96582956266989 189
1604713633191 5.96103320342788 190
1604713633193 5.956416899573446 191
1604713633194 5.952632609283504 192
1604713633196 5.948333121675147 193
1604713633197 5.944403663087792 194
1604713633198 5.940555394856872 195
1604713633200 5.936431037238143 196
1604713633201 5.932513940997007 197
1604713633203 5.9290316715386515 198
1604713633204 5.92510724925576 199
1604713633206 5.921193097478966 200
1604713633207 5.9175890189584335 201
1604713633208 5.913775066209584 202
1604713633210 5.910562239410671 203
1604713633212 5.907423113732056 204
1604713633214 5.904023559303504 205
1604713633215 5.900646511285354 206
1604713633217 5.897639703426115 207
1604713633218 5.89437737067597 208
1604713633220 5.891176505510346 209
1604713633221 5.887699088409051 210
1604713633223 5.884077407933197 211
1604713633224 5.880077270350648 212
1604713633225 5.876805530934673 213
1604713633227 5.872261241748808 214
1604713633229 5.867771081201665 215
1604713633230 5.863390138002986 216
1604713633231 5.859061587707688 217
1604713633233 5.854829366510222 218
1604713633234 5.850654337607203 219
1604713633236 5.84656956586097 220
1604713633237 5.84272626460427 221
1604713633239 5.838739748855011 222
1604713633241 5.835010474455773 223
1604713633242 5.831126185204612 224
1604713633244 5.827547258801094 225
1604713633245 5.823876620679338 226
1604713633247 5.820414929141325 227
1604713633248 5.816578540392036 228
1604713633250 5.81320995628968 229
1604713633251 5.809873477570527 230
1604713633253 5.80604796746006 231
1604713633255 5.8027414081385436 232
1604713633256 5.799547116593386 233
1604713633258 5.795936440713163 234
1604713633259 5.792740600704982 235
1604713633260 5.789099698243321 236
1604713633262 5.786038451931504 237
1604713633263 5.782954351281356 238
1604713633265 5.7791873301122365 239
1604713633266 5.776230932685954 240
1604713633268 5.773249154558553 241
1604713633269 5.7701174795375225 242
1604713633271 5.767341918799 243
1604713633272 5.763997374488873 244
1604713633273 5.761064878194119 245
1604713633275 5.758390436327237 246
1604713633276 5.754900889606 247
1604713633278 5.752063406736118 248
1604713633280 5.749425675249185 249
1604713633281 5.746175024778832 250
1604713633282 5.743651410748149 251
1604713633284 5.7405973900504526 252
1604713633285 5.737349536805456 253
1604713633287 5.734854833991469 254
1604713633288 5.731742904473584 255
1604713633290 5.729357250779215 256
1604713633291 5.726131060417775 257
1604713633292 5.723211400622884 258
1604713633294 5.72089243075833 259
1604713633295 5.71809843415792 260
1604713633297 5.715125060609071 261
1604713633298 5.712220462512392 262
1604713633300 5.709252046478501 263
1604713633301 5.706216670767145 264
1604713633303 5.70377592024644 265
1604713633304 5.700761855413766 266
1604713633306 5.696404326509942 267
1604713633307 5.69404337465124 268
1604713633308 5.691145985508044 269
1604713633310 5.6883352702874905 270
1604713633312 5.6857915082977835 271
1604713633313 5.683598287013599 272
1604713633315 5.680885695339756 273
1604713633316 5.676889899250542 274
1604713633317 5.6746187521908675 275
1604713633319 5.6722521843425575 276
1604713633320 5.668176156261849 277
1604713633322 5.6657616745971735 278
1604713633323 5.661892437442454 279
1604713633325 5.659745017281383 280
1604713633326 5.655964841026191 281
1604713633328 5.653189831551234 282
1604713633329 5.650659446966081 283
1604713633331 5.6479465995981855 284
1604713633332 5.644081489036575 285
1604713633334 5.6414303313436625 286
1604713633335 5.637610208077182 287
1604713633336 5.635454996564646 288
1604713633338 5.632476716438404 289
1604713633339 5.628594483969443 290
1604713633341 5.626653266182542 291
1604713633343 5.624404363451607 292
1604713633346 5.622146456725486 293
1604713633349 5.619851425732501 294
1604713633352 5.616157030752418 295
1604713633355 5.614007554419066 296
1604713633358 5.610393786019158 297
1604713633361 5.60721192659539 298
1604713633364 5.6054359607911435 299
1604713633367 5.601727306267412 300
1604713633370 5.599915086516731 301
1604713633373 5.597708449356971 302
1604713633375 5.594083938176254 303
1604713633376 5.5922662267129555 304
1604713633378 5.5890079083204975 305
1604713633379 5.585578676542905 306
1604713633381 5.582651796308474 307
1604713633382 5.580612112372784 308
1604713633384 5.578464782658551 309
1604713633385 5.575285866421342 310
1604713633386 5.5720989952350255 311
1604713633388 5.570391542660367 312
1604713633389 5.567474105312362 313
1604713633391 5.564491658755572 314
1604713633392 5.561691326224967 315
1604713633394 5.558488479697521 316
1604713633395 5.555672864841326 317
1604713633397 5.55288073929462 318
1604713633398 5.5506971768271685 319
1604713633400 5.547961095761549 320
1604713633401 5.544947922943781 321
1604713633402 5.542805163726955 322
1604713633404 5.540423929687423 323
1604713633405 5.537500279115587 324
1604713633407 5.534965838226266 325
1604713633408 5.533264490853988 326
1604713633410 5.531283288808316 327
1604713633411 5.52887321322264 328
1604713633413 5.526474137534726 329
1604713633414 5.524115094117158 330
1604713633415 5.5211295052881315 331
1604713633417 5.5190228495217335 332
1604713633418 5.5168921328027185 333
1604713633420 5.513759599936119 334
1604713633421 5.512059464897534 335
1604713633423 5.509766534276027 336
1604713633424 5.506193639798683 337
1604713633425 5.503654152066906 338
1604713633427 5.501889455664708 339
1604713633428 5.4995077790564695 340
1604713633430 5.4969282228308805 341
1604713633431 5.495075872951753 342
1604713633433 5.492802348690664 343
1604713633434 5.490850357168555 344
1604713633436 5.488334801089955 345
1604713633437 5.48639869348004 346
1604713633439 5.483674908958137 347
1604713633440 5.481400159289385 348
1604713633441 5.479861929994884 349
1604713633443 5.47740567008023 350
1604713633444 5.474751146826978 351
1604713633446 5.47194898693409 352
1604713633447 5.469512817122351 353
1604713633449 5.467662319254936 354
1604713633450 5.465120717027881 355
1604713633452 5.462411800121591 356
1604713633456 5.729357250779215 357
